# Field 1: longitude (deg)
# Field 2: geocentric latitude (deg)
# Field 3: mageq angle (deg)
-180.000000 2.553623 -10.089589
-174.270422 1.603776 -8.676024
-168.540844 0.804162 -7.258094
-162.811266 0.128514 -6.290985
-157.081688 -0.483039 -6.030203
-151.352110 -1.096380 -6.285280
-145.622532 -1.754462 -6.813462
-139.892954 -2.459996 -7.140225
-134.163376 -3.182444 -7.152715
-128.433798 -3.893835 -7.008220
-122.704220 -4.602944 -7.169383
-116.974643 -5.360258 -7.991641
-111.245065 -6.227891 -9.296581
-105.515487 -7.241784 -10.738290
-99.785909 -8.388853 -11.787364
-94.056331 -9.599402 -11.844657
-88.326753 -10.735407 -10.226468
-82.597175 -11.586087 -6.225045
-76.867597 -11.887901 0.620139
-71.138019 -11.389808 9.510357
-65.408441 -9.943706 18.588635
-59.678863 -7.574866 25.849298
-53.949285 -4.472064 30.489268
-48.219707 -0.952618 32.112899
-42.490129 2.544567 30.161614
-36.760551 5.585434 25.356169
-31.030973 7.950079 19.440764
-25.301395 9.638408 13.523399
-19.571817 10.739641 8.366200
-13.842239 11.356619 4.106082
-8.112661 11.598214 0.986762
-2.383084 11.585435 -1.001114
3.346494 11.430460 -1.992413
9.076072 11.194866 -2.731606
14.805650 10.869284 -3.877336
20.535228 10.399353 -5.560771
26.264806 9.749215 -7.298100
31.994384 8.960451 -8.141326
37.723962 8.158215 -7.519563
43.453540 7.494852 -5.484363
49.183118 7.069310 -2.932433
54.912696 6.887044 -0.775462
60.642274 6.885332 0.688137
66.371852 6.989113 1.366596
72.101430 7.147694 1.790896
77.831008 7.332180 1.852457
83.560586 7.509127 1.574596
89.290164 7.626651 0.685969
95.019742 7.630590 -0.634528
100.749320 7.505863 -1.771194
106.478898 7.305993 -2.027250
112.208476 7.140264 -1.078702
117.938053 7.109326 0.511871
123.667631 7.232442 1.812423
129.397209 7.431739 1.938667
135.126787 7.585027 0.935038
140.856365 7.593681 -0.842199
146.585943 7.409586 -2.878356
152.315521 7.015535 -5.007575
158.045099 6.398925 -7.252928
163.774677 5.558016 -9.324559
169.504255 4.536740 -10.681863
175.233833 3.437846 -10.829898
