# Field 1: longitude (deg)
# Field 2: geocentric latitude (deg)
# Field 3: mageq angle (deg)
-180.000000 2.445675 -10.056396
-174.270422 1.514796 -8.408627
-168.540844 0.748518 -6.871141
-162.811266 0.113784 -5.871698
-157.081688 -0.453650 -5.554119
-151.352110 -1.021950 -5.847448
-145.622532 -1.636518 -6.422375
-139.892954 -2.305385 -6.868180
-134.163376 -3.004697 -7.023621
-128.433798 -3.711234 -7.038367
-122.704220 -4.433338 -7.410915
-116.974643 -5.218530 -8.310342
-111.245065 -6.123912 -9.707265
-105.515487 -7.182229 -11.182489
-99.785909 -8.377999 -12.293944
-94.056331 -9.645160 -12.465462
-88.326753 -10.862859 -11.230482
-82.597175 -11.849979 -7.944656
-76.867597 -12.374867 -2.117118
-71.138019 -12.195992 5.970085
-65.408441 -11.131642 15.022675
-59.678863 -9.130701 23.120883
-53.949285 -6.297817 29.033368
-48.219707 -2.874056 32.156114
-42.490129 0.746957 31.800251
-36.760551 4.072968 27.943505
-31.030973 6.757775 22.047777
-25.301395 8.723293 15.832020
-19.571817 10.043688 10.245293
-13.842239 10.829898 5.563412
-8.112661 11.196786 1.979988
-2.383084 11.270653 -0.296693
3.346494 11.176299 -1.447830
9.076072 10.999368 -2.068973
14.805650 10.754442 -2.924366
20.535228 10.396721 -4.340479
26.264806 9.877641 -6.022402
31.994384 9.205834 -7.194206
37.723962 8.474425 -7.090726
43.453540 7.828275 -5.545386
49.183118 7.391290 -3.098810
54.912696 7.206384 -0.651760
60.642274 7.232859 1.069972
66.371852 7.391021 1.978692
72.101430 7.608927 2.310790
77.831008 7.838269 2.261447
83.560586 8.040774 1.733024
89.290164 8.171016 0.763918
95.019742 8.183357 -0.563366
100.749320 8.062421 -1.779723
106.478898 7.852386 -2.244682
112.208476 7.649643 -1.636937
117.938053 7.551042 -0.338281
123.667631 7.585291 0.891335
129.397209 7.692008 1.067933
135.126787 7.763509 0.221073
140.856365 7.706722 -1.407056
146.585943 7.471339 -3.339706
152.315521 7.033806 -5.431242
158.045099 6.376791 -7.657804
163.774677 5.497737 -9.723358
169.504255 4.445172 -10.928473
175.233833 3.329414 -10.885677
