# Field 1: longitude (deg)
# Field 2: geocentric latitude (deg)
# Field 3: mageq angle (deg)
-180.000000 2.357460 -10.348082
-174.270422 1.397317 -8.616415
-168.540844 0.618378 -6.933272
-162.811266 -0.013850 -5.782901
-157.081688 -0.563933 -5.310055
-151.352110 -1.099497 -5.467793
-145.622532 -1.671285 -5.955969
-139.892954 -2.296330 -6.450325
-134.163376 -2.961791 -6.739739
-128.433798 -3.648523 -6.939130
-122.704220 -4.363241 -7.367230
-116.974643 -5.149612 -8.348835
-111.245065 -6.064104 -9.852309
-105.515487 -7.136007 -11.354505
-99.785909 -8.346173 -12.397650
-94.056331 -9.626185 -12.543314
-88.326753 -10.862026 -11.505786
-82.597175 -11.890397 -8.512564
-76.867597 -12.499884 -3.222824
-71.138019 -12.460653 4.352981
-65.408441 -11.583979 13.099015
-59.678863 -9.791016 21.363052
-53.949285 -7.146483 27.768309
-48.219707 -3.843611 31.661922
-42.490129 -0.226119 32.243488
-36.760551 3.217697 29.180421
-31.030973 6.077565 23.572918
-25.301395 8.213673 17.287915
-19.571817 9.678680 11.492571
-13.842239 10.581141 6.580447
-8.112661 11.036727 2.731262
-2.383084 11.170939 0.163517
3.346494 11.113470 -1.143772
9.076072 10.962569 -1.811953
14.805650 10.747848 -2.537176
20.535228 10.434484 -3.816390
26.264806 9.969846 -5.474322
31.994384 9.349594 -6.752621
37.723962 8.650772 -6.834563
43.453540 8.012425 -5.579562
49.183118 7.566329 -3.198434
54.912696 7.372869 -0.712400
60.642274 7.403975 1.190690
66.371852 7.579393 2.184914
72.101430 7.815090 2.426856
77.831008 8.050261 2.212586
83.560586 8.242848 1.582807
89.290164 8.355225 0.581852
95.019742 8.351732 -0.675138
100.749320 8.222335 -1.886650
106.478898 8.007363 -2.296658
112.208476 7.796889 -1.741971
117.938053 7.683380 -0.452641
123.667631 7.700473 0.693760
129.397209 7.794461 0.976940
135.126787 7.860356 0.168652
140.856365 7.802215 -1.416783
146.585943 7.564191 -3.372907
152.315521 7.118802 -5.546854
158.045099 6.444362 -7.894029
163.774677 5.535012 -10.078632
169.504255 4.439688 -11.378412
175.233833 3.276020 -11.353942
