108.192436 7.856938
113.235497 7.699663
118.277657 7.631818
123.321854 7.660749
128.372040 7.746263
133.430603 7.821766
138.494095 7.821599
143.553009 7.698055
148.596298 7.422741
153.616470 6.979869
158.610275 6.363910
163.577499 5.586467
168.520844 4.685399
173.447525 3.724628
178.369202 2.780065
-176.701447 1.917830
-171.755142 1.175362
-166.788666 0.553043
-161.804886 0.018799
-156.811630 -0.476573
-151.818787 -0.979535
-146.834122 -1.517763
-141.859619 -2.094929
-136.890976 -2.697917
-131.921997 -3.311599
-126.949585 -3.933009
-121.976479 -4.577746
-117.008232 -5.275794
-112.047333 -6.059856
-107.088974 -6.952724
-102.122269 -7.957752
-97.136497 -9.051079
-92.126587 -10.172895
-87.091301 -11.220309
-82.027214 -12.048928
-76.930199 -12.487521
-71.809448 -12.366775
-66.698402 -11.561176
-61.642841 -10.029867
-56.673897 -7.832494
-51.796852 -5.121013
-47.002861 -2.126665
-42.278004 0.873006
-37.599213 3.626377
-32.935146 5.972665
-28.255394 7.850430
-23.536205 9.266698
-18.760941 10.263549
-13.920063 10.898447
-9.012122 11.237472
-4.043755 11.353483
0.973324 11.320044
6.027898 11.197097
11.114650 11.014185
16.235445 10.763174
21.394232 10.409493
26.588606 9.921905
31.805933 9.309038
37.027771 8.639193
42.236019 8.022927
47.415092 7.564484
52.554527 7.315370
57.654266 7.261748
62.725201 7.347817
67.781929 7.511524
72.834503 7.707956
77.886383 7.910188
82.937965 8.094409
87.989983 8.227534
93.043129 8.272141
98.096130 8.207511
103.146332 8.050403
