% Magnetic field model coefficients
% nmax:  15
% epoch: 2004.0000
% radius: 6371.2
%   n     m          MF gnm (nT)     SV gnm (nT/year)   SA gnm (nT/year^2)
    1    -1            5100.5940             -22.4688               0.0000
    1     0          -29566.1555              11.8252               0.0000
    1     1           -1682.2016              13.2946               0.0000
    2    -2            -503.9220             -11.3638               0.0000
    2    -1           -2572.1333             -22.4055               0.0000
    2     0           -2324.6449             -12.6228               0.0000
    2     1            3052.6353              -4.9304               0.0000
    2     2            1658.8646              -0.9710               0.0000
    3    -3            -520.1771              -4.5338               0.0000
    3    -2             275.0769              -5.3596               0.0000
    3    -1            -204.9808               6.0287               0.0000
    3     0            1336.2020               0.2769               0.0000
    3     1           -2302.1384              -3.7291               0.0000
    3     2            1247.9288              -1.6334               0.0000
    3     3             681.2773              -8.7799               0.0000
    4    -4            -304.7479              -0.6462               0.0000
    4    -3             140.2946               4.8381               0.0000
    4    -2            -227.2610               2.0442               0.0000
    4    -1             279.7495               2.4056               0.0000
    4     0             922.5933              -2.1382               0.0000
    4     1             795.5957               2.3433               0.0000
    4     2             218.7252              -8.0215               0.0000
    4     3            -384.8377               4.9997               0.0000
    4     4             102.8142              -2.7970               0.0000
    5    -5             104.4607              -0.6156               0.0000
    5    -4             -23.8228               4.2498               0.0000
    5    -3            -125.1241               1.6864               0.0000
    5    -2             178.1700               2.0430               0.0000
    5    -1              42.8041              -0.1667               0.0000
    5     0            -225.3132              -1.5950               0.0000
    5     1             353.8650               0.6650               0.0000
    5     2             211.6110              -2.6636               0.0000
    5     3            -135.3508              -1.2035               0.0000
    5     4            -168.3298               0.2590               0.0000
    5     5             -13.5307               0.0089               0.0000
    6    -6              49.3685               1.5822               0.0000
    6    -5               0.1849               0.0736               0.0000
    6    -4             -62.9936              -0.5280               0.0000
    6    -3              64.0387              -0.4246               0.0000
    6    -2              56.6553              -1.8507               0.0000
    6    -1             -19.8757              -0.4245               0.0000
    6     0              73.5029               0.1093               0.0000
    6     1              69.4249               0.1084               0.0000
    6     2              76.4379               0.3366               0.0000
    6     3            -153.1836               1.8348               0.0000
    6     4             -12.8693              -1.7120               0.0000
    6     5              15.1562              -0.5514               0.0000
    6     6             -87.4302               1.0712               0.0000
    7    -7              -4.9587               0.3506               0.0000
    7    -6             -26.0672              -0.2452               0.0000
    7    -5              11.7084              -0.7715               0.0000
    7    -4              25.2216               0.1467               0.0000
    7    -3               6.7575               0.0817               0.0000
    7    -2             -22.8197               0.2274               0.0000
    7    -1             -61.9038               0.7773               0.0000
    7     0              79.7780               0.0515               0.0000
    7     1             -74.3568              -0.0799               0.0000
    7     2              -1.1365              -0.4847               0.0000
    7     3              37.6044               1.1414               0.0000
    7     4              11.6742               0.6184               0.0000
    7     5               8.8577               0.4970               0.0000
    7     6               5.9029              -0.4716               0.0000
    7     7               1.2015               0.7474               0.0000
    8    -8              -0.3499               0.3564               0.0000
    8    -7             -13.2413               0.4429               0.0000
    8    -6               7.8651              -0.2673               0.0000
    8    -5              16.0546               0.1655               0.0000
    8    -4             -20.1171               0.3901               0.0000
    8    -3               9.5801               0.2597               0.0000
    8    -2             -20.9788               0.1184               0.0000
    8    -1              11.3099              -0.1245               0.0000
    8     0              24.8169               0.0028               0.0000
    8     1               7.4241               0.1767               0.0000
    8     2             -11.1863              -0.5616               0.0000
    8     3              -7.0375               0.1576               0.0000
    8     4             -17.8443              -0.2571               0.0000
    8     5               9.8698               0.2718               0.0000
    8     6               8.9226               0.4603               0.0000
    8     7             -10.6701              -0.5799               0.0000
    8     8              -5.3108               0.4611               0.0000
    9    -9               5.8038               0.1893               0.0000
    9    -8              -7.9301               0.1854               0.0000
    9    -7               3.0908              -0.1503               0.0000
    9    -6               8.1784              -0.0614               0.0000
    9    -5              -8.2597               0.0755               0.0000
    9    -4              -6.6396              -0.0904               0.0000
    9    -3              12.6086               0.0515               0.0000
    9    -2              12.8996              -0.2107               0.0000
    9    -1             -20.0131              -0.0697               0.0000
    9     0               5.5126               0.0621               0.0000
    9     1               9.7293               0.0229               0.0000
    9     2               3.5302               0.0862               0.0000
    9     3              -7.2707               0.3181               0.0000
    9     4               5.2827              -0.2591               0.0000
    9     5             -10.3656              -0.3687               0.0000
    9     6              -1.3363               0.0750               0.0000
    9     7               8.8860              -0.1128               0.0000
    9     8              -6.1870              -0.4636               0.0000
    9     9              -9.0108              -0.2053               0.0000
   10   -10              -7.8567              -0.0796               0.0000
   10    -9              -2.3307               0.0082               0.0000
   10    -8              -0.6408              -0.2156               0.0000
   10    -7              -3.3684              -0.1296               0.0000
   10    -6              -1.0580               0.0455               0.0000
   10    -5              -6.4759              -0.1347               0.0000
   10    -4               4.8155              -0.0418               0.0000
   10    -3               4.3956               0.0844               0.0000
   10    -2               0.1293              -0.0331               0.0000
   10    -1               2.0761               0.1035               0.0000
   10     0              -2.1886               0.0334               0.0000
   10     1              -6.1265              -0.0201               0.0000
   10     2               1.4975              -0.0950               0.0000
   10     3              -2.5432               0.1698               0.0000
   10     4              -0.1728               0.0372               0.0000
   10     5               3.1855              -0.1220               0.0000
   10     6               0.4407              -0.1487               0.0000
   10     7               2.0428               0.0181               0.0000
   10     8               3.9240              -0.1581               0.0000
   10     9              -0.0422              -0.1553               0.0000
   10    10              -1.9453              -0.1552               0.0000
   11   -11              -1.2765              -0.1344               0.0000
   11   -10              -1.8886               0.0050               0.0000
   11    -9              -1.4935              -0.0831               0.0000
   11    -8              -1.0288              -0.0436               0.0000
   11    -7              -2.7124               0.0336               0.0000
   11    -6              -0.6165               0.0286               0.0000
   11    -5               0.9098              -0.0134               0.0000
   11    -4              -2.3550               0.0820               0.0000
   11    -3              -0.8104               0.0534               0.0000
   11    -2               1.4661               0.0026               0.0000
   11    -1               0.2857               0.0210               0.0000
   11     0               2.9388               0.0239               0.0000
   11     1              -1.6607               0.0233               0.0000
   11     2              -1.8114              -0.0540               0.0000
   11     3               1.4325              -0.0013               0.0000
   11     4              -0.2903              -0.0314               0.0000
   11     5               0.2384               0.0386               0.0000
   11     6              -0.7770              -0.0183               0.0000
   11     7               0.5706              -0.0406               0.0000
   11     8               1.7851               0.0195               0.0000
   11     9               0.1513               0.0046               0.0000
   11    10               1.0144              -0.0382               0.0000
   11    11               4.0005              -0.0274               0.0000
   12   -12               0.8975              -0.0119               0.0000
   12   -11              -0.3653               0.0333               0.0000
   12   -10              -0.8730               0.0032               0.0000
   12    -9               0.2794               0.0123               0.0000
   12    -8               0.0074               0.0016               0.0000
   12    -7               0.0327              -0.0100               0.0000
   12    -6               0.3708               0.0220               0.0000
   12    -5               0.6193              -0.0132               0.0000
   12    -4              -2.6397               0.0083               0.0000
   12    -3               2.4240              -0.0504               0.0000
   12    -2               0.2149              -0.0045               0.0000
   12    -1              -0.4737              -0.0460               0.0000
   12     0              -2.1467              -0.0123               0.0000
   12     1              -0.3097               0.0074               0.0000
   12     2               0.2079              -0.0044               0.0000
   12     3               0.8556               0.0303               0.0000
   12     4              -0.3025              -0.0782               0.0000
   12     5               0.9392               0.0185               0.0000
   12     6              -0.3467               0.0432               0.0000
   12     7               0.4226               0.0370               0.0000
   12     8              -0.3457              -0.0146               0.0000
   12     9              -0.3678               0.0038               0.0000
   12    10               0.0748              -0.0002               0.0000
   12    11              -0.4250              -0.0861               0.0000
   12    12              -0.1558               0.0764               0.0000
   13   -13              -0.7963              -0.0242               0.0000
   13   -12              -0.5603              -0.0183               0.0000
   13   -11              -0.2294               0.0025               0.0000
   13   -10               0.3627               0.0130               0.0000
   13    -9               0.5529              -0.0199               0.0000
   13    -8               0.2324              -0.0314               0.0000
   13    -7               0.6426              -0.0113               0.0000
   13    -6              -0.0399               0.0149               0.0000
   13    -5              -1.0219              -0.0448               0.0000
   13    -4              -0.5504              -0.0085               0.0000
   13    -3               1.7244               0.0046               0.0000
   13    -2               0.3692              -0.0226               0.0000
   13    -1              -0.7438              -0.0088               0.0000
   13     0              -0.1420               0.0014               0.0000
   13     1              -0.9043               0.0097               0.0000
   13     2               0.2957              -0.0125               0.0000
   13     3               0.2639               0.0153               0.0000
   13     4              -0.4424               0.0213               0.0000
   13     5               1.1964              -0.0149               0.0000
   13     6              -0.3862               0.0176               0.0000
   13     7               0.7535               0.0151               0.0000
   13     8              -0.2899               0.0246               0.0000
   13     9               0.3556               0.0062               0.0000
   13    10              -0.0463               0.0081               0.0000
   13    11               0.4296              -0.0175               0.0000
   13    12              -0.0474              -0.0434               0.0000
   13    13              -0.1916              -0.0001               0.0000
   14   -14              -0.3613               0.0087               0.0000
   14   -13              -0.1961               0.0031               0.0000
   14   -12               0.1765              -0.0232               0.0000
   14   -11               0.0444               0.0145               0.0000
   14   -10               0.2238              -0.0139               0.0000
   14    -9               0.3467               0.0143               0.0000
   14    -8               0.2515              -0.0051               0.0000
   14    -7               0.2923               0.0000               0.0000
   14    -6               0.3625              -0.0143               0.0000
   14    -5              -0.0887               0.0039               0.0000
   14    -4               0.4203              -0.0002               0.0000
   14    -3               0.3500              -0.0065               0.0000
   14    -2              -0.7088               0.0099               0.0000
   14    -1               0.4331               0.0044               0.0000
   14     0              -0.3442              -0.0010               0.0000
   14     1               0.2945              -0.0016               0.0000
   14     2              -0.1170              -0.0220               0.0000
   14     3              -0.2014               0.0160               0.0000
   14     4              -0.0965              -0.0145               0.0000
   14     5               0.2088               0.0058               0.0000
   14     6              -0.0809               0.0208               0.0000
   14     7              -0.1334              -0.0006               0.0000
   14     8               0.2480               0.0164               0.0000
   14     9              -0.0301              -0.0007               0.0000
   14    10               0.6235               0.0083               0.0000
   14    11              -0.3753               0.0059               0.0000
   14    12               0.2818              -0.0044               0.0000
   14    13               0.2905              -0.0291               0.0000
   14    14               0.2187              -0.0490               0.0000
   15   -15              -0.0149              -0.0059               0.0000
   15   -14               0.0179               0.0033               0.0000
   15   -13               0.2106              -0.0029               0.0000
   15   -12              -0.3308              -0.0013               0.0000
   15   -11              -0.1011               0.0066               0.0000
   15   -10              -0.0186               0.0053               0.0000
   15    -9               0.0825               0.0156               0.0000
   15    -8              -0.2108              -0.0040               0.0000
   15    -7               0.2777               0.0081               0.0000
   15    -6               0.0738               0.0162               0.0000
   15    -5               0.0211              -0.0124               0.0000
   15    -4               0.0167               0.0157               0.0000
   15    -3               0.2099               0.0027               0.0000
   15    -2               0.0590              -0.0020               0.0000
   15    -1               0.5950               0.0034               0.0000
   15     0               0.1853              -0.0097               0.0000
   15     1               0.4416              -0.0056               0.0000
   15     2               0.0561              -0.0001               0.0000
   15     3               0.4845              -0.0222               0.0000
   15     4              -0.0827               0.0150               0.0000
   15     5               0.0798               0.0023               0.0000
   15     6              -0.1167               0.0059               0.0000
   15     7              -0.1465               0.0045               0.0000
   15     8               0.1544               0.0013               0.0000
   15     9              -0.2675              -0.0111               0.0000
   15    10              -0.1922              -0.0080               0.0000
   15    11               0.2471              -0.0093               0.0000
   15    12              -0.0110               0.0079               0.0000
   15    13              -0.1452               0.0042               0.0000
   15    14               0.0965               0.0216               0.0000
   15    15              -0.1843              -0.0009               0.0000
