% Magnetic field model coefficients
% nmax:  15
% epoch: 2002.0000
% radius: 6371.2
%   n     m          MF gnm (nT)     SV gnm (nT/year)   SA gnm (nT/year^2)
    1    -1            5143.6862             -21.1993               0.0000
    1     0          -29589.0850              11.8319               0.0000
    1     1           -1705.3584              11.3707               0.0000
    2    -2            -479.9581             -11.8385               0.0000
    2    -1           -2526.5726             -23.0111               0.0000
    2     0           -2296.3062             -14.7646               0.0000
    2     1            3061.7843              -4.3313               0.0000
    2     2            1663.7881              -2.9768               0.0000
    3    -3            -508.1489              -6.6485               0.0000
    3    -2             285.0439              -4.8042               0.0000
    3    -1            -216.0878               5.3935               0.0000
    3     0            1336.5933              -0.6542               0.0000
    3     1           -2295.3079              -3.4592               0.0000
    3     2            1250.0151              -1.0736               0.0000
    3     3             697.2062              -7.8862               0.0000
    4    -4            -304.2118              -0.1249               0.0000
    4    -3             129.9061               5.1291               0.0000
    4    -2            -230.0355               1.1752               0.0000
    4    -1             275.8178               1.7569               0.0000
    4     0             927.2705              -2.4102               0.0000
    4     1             791.1540               2.2314               0.0000
    4     2             234.1163              -7.6604               0.0000
    4     3            -394.4744               4.7064               0.0000
    4     4             107.4293              -2.0308               0.0000
    5    -5             105.6099              -0.5263               0.0000
    5    -4             -31.7662               3.9280               0.0000
    5    -3            -128.9509               2.0066               0.0000
    5    -2             174.8351               1.5344               0.0000
    5    -1              43.3306              -0.2240               0.0000
    5     0            -221.7346              -1.8128               0.0000
    5     1             352.5560               0.6728               0.0000
    5     2             217.1649              -2.7458               0.0000
    5     3            -132.9132              -1.1978               0.0000
    5     4            -168.5587               0.0928               0.0000
    5     5             -13.1119              -0.2965               0.0000
    6    -6              46.7785               1.2279               0.0000
    6    -5               0.3813              -0.1019               0.0000
    6    -4             -62.1193              -0.4383               0.0000
    6    -3              64.6956              -0.2891               0.0000
    6    -2              60.1799              -1.7272               0.0000
    6    -1             -18.8184              -0.6134               0.0000
    6     0              73.2982               0.0343               0.0000
    6     1              68.8859               0.3126               0.0000
    6     2              75.6083               0.4287               0.0000
    6     3            -157.0742               1.9962               0.0000
    6     4              -9.2384              -1.8253               0.0000
    6     5              15.8890              -0.3129               0.0000
    6     6             -89.1758               0.8510               0.0000
    7    -7              -5.4719               0.2347               0.0000
    7    -6             -25.6922              -0.1879               0.0000
    7    -5              13.3308              -0.8359               0.0000
    7    -4              24.6539               0.3348               0.0000
    7    -3               6.5374               0.0813               0.0000
    7    -2             -23.6010               0.4324               0.0000
    7    -1             -63.1025               0.5513               0.0000
    7     0              79.4199               0.1586               0.0000
    7     1             -74.2237              -0.0676               0.0000
    7     2              -0.4922              -0.2479               0.0000
    7     3              35.3877               1.0824               0.0000
    7     4              10.4532               0.6089               0.0000
    7     5               7.8590               0.5001               0.0000
    7     6               6.6597              -0.3641               0.0000
    7     7              -0.1330               0.6307               0.0000
    8    -8              -1.2853               0.4675               0.0000
    8    -7             -14.1419               0.4592               0.0000
    8    -6               8.3677              -0.2378               0.0000
    8    -5              15.7298               0.1627               0.0000
    8    -4             -20.7694               0.3026               0.0000
    8    -3               9.0556               0.2708               0.0000
    8    -2             -21.2750               0.1502               0.0000
    8    -1              11.6238              -0.1702               0.0000
    8     0              24.6198               0.1322               0.0000
    8     1               7.0335               0.1913               0.0000
    8     2             -10.3637              -0.3843               0.0000
    8     3              -7.4273               0.2185               0.0000
    8     4             -17.3211              -0.2771               0.0000
    8     5               9.4854               0.1825               0.0000
    8     6               7.8735               0.5375               0.0000
    8     7              -9.3204              -0.6939               0.0000
    8     8              -6.3123               0.5193               0.0000
    9    -9               5.3299               0.2497               0.0000
    9    -8              -8.1929               0.0955               0.0000
    9    -7               3.3879              -0.1513               0.0000
    9    -6               8.3062              -0.0626               0.0000
    9    -5              -8.3595               0.0519               0.0000
    9    -4              -6.4343              -0.0996               0.0000
    9    -3              12.5414               0.0232               0.0000
    9    -2              13.1203              -0.0869               0.0000
    9    -1             -19.7379              -0.1213               0.0000
    9     0               5.2906               0.1104               0.0000
    9     1               9.6750               0.0326               0.0000
    9     2               3.2814               0.1495               0.0000
    9     3              -7.8949               0.2956               0.0000
    9     4               5.7947              -0.2549               0.0000
    9     5              -9.7061              -0.3309               0.0000
    9     6              -1.4292               0.0354               0.0000
    9     7               9.0539              -0.0762               0.0000
    9     8              -5.2552              -0.4835               0.0000
    9     9              -8.5817              -0.2055               0.0000
   10   -10              -7.6890              -0.0991               0.0000
   10    -9              -2.2785              -0.0383               0.0000
   10    -8              -0.1864              -0.2140               0.0000
   10    -7              -3.0887              -0.1303               0.0000
   10    -6              -1.1392               0.0543               0.0000
   10    -5              -6.1772              -0.1511               0.0000
   10    -4               4.8798              -0.0420               0.0000
   10    -3               4.2503               0.0814               0.0000
   10    -2               0.0733               0.0460               0.0000
   10    -1               1.9174               0.0818               0.0000
   10     0              -2.4378               0.1560               0.0000
   10     1              -6.0466              -0.0321               0.0000
   10     2               1.4945               0.0233               0.0000
   10     3              -2.8759               0.1483               0.0000
   10     4              -0.3132               0.0678               0.0000
   10     5               3.4539              -0.1415               0.0000
   10     6               0.7447              -0.1612               0.0000
   10     7               2.0483              -0.0135               0.0000
   10     8               4.1773              -0.1151               0.0000
   10     9               0.1706              -0.0994               0.0000
   10    10              -1.5922              -0.2050               0.0000
   11   -11              -1.0398              -0.1341               0.0000
   11   -10              -1.9357               0.0412               0.0000
   11    -9              -1.2803              -0.1120               0.0000
   11    -8              -0.9524              -0.0393               0.0000
   11    -7              -2.7690               0.0143               0.0000
   11    -6              -0.6599               0.0158               0.0000
   11    -5               0.9121               0.0090               0.0000
   11    -4              -2.4823               0.0657               0.0000
   11    -3              -0.8950               0.0241               0.0000
   11    -2               1.3431               0.0648               0.0000
   11    -1               0.3146              -0.0222               0.0000
   11     0               2.8094               0.0819               0.0000
   11     1              -1.6386              -0.0030               0.0000
   11     2              -1.7713               0.0058               0.0000
   11     3               1.4631              -0.0269               0.0000
   11     4              -0.1782              -0.0558               0.0000
   11     5               0.1519               0.0434               0.0000
   11     6              -0.7212              -0.0217               0.0000
   11     7               0.6842              -0.0692               0.0000
   11     8               1.8077              -0.0228               0.0000
   11     9               0.1408               0.0079               0.0000
   11    10               1.0598              -0.0246               0.0000
   11    11               4.0149              -0.0153               0.0000
   12   -12               0.8561               0.0552               0.0000
   12   -11              -0.4194               0.0361               0.0000
   12   -10              -0.8778               0.0003               0.0000
   12    -9               0.2718              -0.0044               0.0000
   12    -8               0.0136               0.0047               0.0000
   12    -7               0.0326               0.0091               0.0000
   12    -6               0.3128               0.0477               0.0000
   12    -5               0.6608              -0.0259               0.0000
   12    -4              -2.5906              -0.0320               0.0000
   12    -3               2.5020              -0.0214               0.0000
   12    -2               0.2119               0.0134               0.0000
   12    -1              -0.3260              -0.0726               0.0000
   12     0              -2.1797               0.0405               0.0000
   12     1              -0.3116              -0.0043               0.0000
   12     2               0.1969               0.0183               0.0000
   12     3               0.8012               0.0211               0.0000
   12     4              -0.2264              -0.0304               0.0000
   12     5               0.9609              -0.0194               0.0000
   12     6              -0.4334               0.0361               0.0000
   12     7               0.4095              -0.0006               0.0000
   12     8              -0.3205              -0.0119               0.0000
   12     9              -0.3713               0.0033               0.0000
   12    10              -0.0117               0.0542               0.0000
   12    11              -0.2831              -0.0497               0.0000
   12    12              -0.2454               0.0386               0.0000
   13   -13              -0.7920               0.0340               0.0000
   13   -12              -0.5278              -0.0327               0.0000
   13   -11              -0.1992              -0.0288               0.0000
   13   -10               0.3447               0.0122               0.0000
   13    -9               0.5843              -0.0141               0.0000
   13    -8               0.2574              -0.0039               0.0000
   13    -7               0.6783              -0.0262               0.0000
   13    -6              -0.0442              -0.0035               0.0000
   13    -5              -0.9789              -0.0059               0.0000
   13    -4              -0.5019              -0.0202               0.0000
   13    -3               1.7262               0.0006               0.0000
   13    -2               0.3408               0.0145               0.0000
   13    -1              -0.7312              -0.0067               0.0000
   13     0              -0.1713               0.0175               0.0000
   13     1              -0.8785              -0.0196               0.0000
   13     2               0.3252              -0.0076               0.0000
   13     3               0.2040               0.0319               0.0000
   13     4              -0.4311              -0.0111               0.0000
   13     5               1.2099              -0.0054               0.0000
   13     6              -0.4048               0.0135               0.0000
   13     7               0.7267               0.0095               0.0000
   13     8              -0.3228               0.0132               0.0000
   13     9               0.3237               0.0237               0.0000
   13    10              -0.0504              -0.0004               0.0000
   13    11               0.3926               0.0179               0.0000
   13    12              -0.0013              -0.0191               0.0000
   13    13              -0.1367              -0.0428               0.0000
   14   -14              -0.3545              -0.0056               0.0000
   14   -13              -0.1251              -0.0407               0.0000
   14   -12               0.2039              -0.0222               0.0000
   14   -11               0.0263               0.0068               0.0000
   14   -10               0.2276               0.0090               0.0000
   14    -9               0.3529              -0.0103               0.0000
   14    -8               0.2719              -0.0128               0.0000
   14    -7               0.2926               0.0119               0.0000
   14    -6               0.3621               0.0118               0.0000
   14    -5              -0.0737              -0.0119               0.0000
   14    -4               0.4251              -0.0046               0.0000
   14    -3               0.3657              -0.0025               0.0000
   14    -2              -0.7391               0.0190               0.0000
   14    -1               0.4261               0.0101               0.0000
   14     0              -0.3480               0.0003               0.0000
   14     1               0.3133              -0.0028               0.0000
   14     2              -0.1217               0.0043               0.0000
   14     3              -0.2184               0.0005               0.0000
   14     4              -0.1000               0.0133               0.0000
   14     5               0.2310              -0.0197               0.0000
   14     6              -0.1055               0.0041               0.0000
   14     7              -0.0795              -0.0254               0.0000
   14     8               0.2236               0.0140               0.0000
   14     9              -0.0394               0.0050               0.0000
   14    10               0.5886               0.0238               0.0000
   14    11              -0.3800               0.0115               0.0000
   14    12               0.2667               0.0112               0.0000
   14    13               0.2585               0.0220               0.0000
   14    14               0.2817              -0.0474               0.0000
   15   -15              -0.0704               0.0184               0.0000
   15   -14               0.0216              -0.0084               0.0000
   15   -13               0.1866               0.0082               0.0000
   15   -12              -0.3490               0.0062               0.0000
   15   -11              -0.0899              -0.0179               0.0000
   15   -10              -0.0296               0.0045               0.0000
   15    -9               0.0812              -0.0054               0.0000
   15    -8              -0.2007              -0.0086               0.0000
   15    -7               0.2662              -0.0027               0.0000
   15    -6               0.0538               0.0060               0.0000
   15    -5               0.0017               0.0272               0.0000
   15    -4               0.0376              -0.0162               0.0000
   15    -3               0.2122               0.0001               0.0000
   15    -2               0.0438               0.0025               0.0000
   15    -1               0.5718               0.0133               0.0000
   15     0               0.1943              -0.0057               0.0000
   15     1               0.4484              -0.0054               0.0000
   15     2               0.0558               0.0098               0.0000
   15     3               0.4911               0.0066               0.0000
   15     4              -0.0554              -0.0112               0.0000
   15     5               0.0667               0.0118               0.0000
   15     6              -0.1319               0.0144               0.0000
   15     7              -0.1388              -0.0073               0.0000
   15     8               0.1763              -0.0159               0.0000
   15     9              -0.2596               0.0063               0.0000
   15    10              -0.2199               0.0110               0.0000
   15    11               0.2576               0.0041               0.0000
   15    12              -0.0321               0.0074               0.0000
   15    13              -0.1748               0.0205               0.0000
   15    14               0.0843              -0.0094               0.0000
   15    15              -0.1960              -0.0022               0.0000
