80.000000 4.291109e-01 -4.876330e+01
81.002387 -6.079206e+00 -4.871139e+01
82.004773 -1.317603e+01 -4.676470e+01
83.007160 -1.959006e+01 -4.302753e+01
84.009547 -2.405016e+01 -3.760408e+01
85.011933 -2.528500e+01 -3.059863e+01
86.014320 -2.243748e+01 -2.225700e+01
87.016706 -1.624892e+01 -1.337152e+01
88.019093 -7.846241e+00 -4.866338e+00
89.021480 1.643578e+00 2.334351e+00
90.023866 1.109377e+01 7.306521e+00
91.026253 1.947283e+01 9.361767e+00
92.028640 2.610498e+01 8.689957e+00
93.031026 3.039722e+01 5.685377e+00
94.033413 3.175654e+01 7.423558e-01
95.035800 2.958998e+01 -5.744896e+00
96.038186 2.360218e+01 -1.324604e+01
97.040573 1.456774e+01 -2.074190e+01
98.042959 3.501533e+00 -2.710349e+01
99.045346 -8.581589e+00 -3.120185e+01
100.047733 -2.066668e+01 -3.190807e+01
101.050119 -3.181051e+01 -2.855617e+01
102.052506 -4.131741e+01 -2.208596e+01
103.054893 -4.854549e+01 -1.378519e+01
104.057279 -5.285285e+01 -4.941642e+00
105.059666 -5.359769e+01 3.156945e+00
106.062053 -5.047133e+01 9.500605e+00
107.064439 -4.428021e+01 1.400967e+01
108.066826 -3.606395e+01 1.679875e+01
109.069212 -2.686219e+01 1.798245e+01
110.071599 -1.771456e+01 1.767537e+01
111.073986 -9.446566e+00 1.603180e+01
112.076372 -2.191404e+00 1.333432e+01
113.078759 4.057093e+00 9.891364e+00
114.081146 9.305104e+00 6.011292e+00
115.083532 1.355876e+01 2.002408e+00
116.085919 1.682413e+01 -1.827039e+00
117.088305 1.910729e+01 -5.168806e+00
118.090692 2.041744e+01 -7.728991e+00
119.093079 2.081224e+01 -9.436614e+00
120.095465 2.038787e+01 -1.039719e+01
121.097852 1.924176e+01 -1.072081e+01
122.100239 1.747168e+01 -1.051718e+01
123.102625 1.517565e+01 -9.895607e+00
124.105012 1.245210e+01 -8.964952e+00
125.107399 9.399706e+00 -7.833751e+00
126.109785 6.117302e+00 -6.610356e+00
127.112172 2.703694e+00 -5.403142e+00
128.114558 -7.424881e-01 -4.320702e+00
129.116945 -4.122877e+00 -3.472001e+00
130.119332 -7.339581e+00 -2.966357e+00
131.121718 -1.031779e+01 -2.870303e+00
132.124105 -1.304759e+01 -3.129166e+00
133.126492 -1.553047e+01 -3.667349e+00
134.128878 -1.776793e+01 -4.409379e+00
135.131265 -1.976168e+01 -5.279885e+00
136.133652 -2.151329e+01 -6.203455e+00
137.136038 -2.302442e+01 -7.104686e+00
138.138425 -2.429664e+01 -7.908112e+00
139.140811 -2.533144e+01 -8.538172e+00
140.143198 -2.613031e+01 -8.919333e+00
141.145585 -2.670222e+01 -9.004105e+00
142.147971 -2.707586e+01 -8.818758e+00
143.150358 -2.728311e+01 -8.401467e+00
144.152745 -2.735579e+01 -7.790387e+00
145.155131 -2.732572e+01 -7.023612e+00
146.157518 -2.722469e+01 -6.139249e+00
147.159905 -2.708447e+01 -5.175339e+00
148.162291 -2.693682e+01 -4.169960e+00
149.164678 -2.681350e+01 -3.161133e+00
150.167064 -2.674623e+01 -2.186868e+00
151.169451 -2.676677e+01 -1.285212e+00
152.171838 -2.690684e+01 -4.941509e-01
153.174224 -2.719817e+01 1.482856e-01
154.176611 -2.767247e+01 6.041088e-01
155.178998 -2.836143e+01 8.353763e-01
156.181384 -2.928147e+01 8.197637e-01
157.183771 -3.041299e+01 5.719854e-01
158.186158 -3.173110e+01 1.121284e-01
159.188544 -3.321097e+01 -5.397281e-01
160.190931 -3.482775e+01 -1.363516e+00
161.193317 -3.655656e+01 -2.339127e+00
162.195704 -3.837257e+01 -3.446508e+00
163.198091 -4.025089e+01 -4.665542e+00
164.200477 -4.216667e+01 -5.976159e+00
165.202864 -4.409509e+01 -7.358298e+00
166.205251 -4.601124e+01 -8.791832e+00
167.207637 -4.789030e+01 -1.025672e+01
168.210024 -4.970739e+01 -1.173283e+01
169.212411 -5.143766e+01 -1.320013e+01
170.214797 -5.305629e+01 -1.463852e+01
171.217184 -5.454705e+01 -1.603416e+01
172.219570 -5.591216e+01 -1.738653e+01
173.221957 -5.715611e+01 -1.869673e+01
174.224344 -5.828351e+01 -1.996595e+01
175.226730 -5.929887e+01 -2.119532e+01
176.229117 -6.020676e+01 -2.238602e+01
177.231504 -6.101176e+01 -2.353920e+01
178.233890 -6.171838e+01 -2.465599e+01
179.236277 -6.233121e+01 -2.573759e+01
180.238663 -6.285479e+01 -2.678511e+01
181.241050 -6.329366e+01 -2.779972e+01
182.243437 -6.365240e+01 -2.878260e+01
183.245823 -6.393555e+01 -2.973486e+01
184.248210 -6.414767e+01 -3.065771e+01
185.250597 -6.429330e+01 -3.155225e+01
186.252983 -6.437701e+01 -3.241967e+01
187.255370 -6.440336e+01 -3.326110e+01
188.257757 -6.437688e+01 -3.407772e+01
189.260143 -6.430213e+01 -3.487069e+01
190.262530 -6.418368e+01 -3.564112e+01
191.264916 -6.402607e+01 -3.639022e+01
192.267303 -6.383386e+01 -3.711911e+01
193.269690 -6.361160e+01 -3.782895e+01
194.272076 -6.336385e+01 -3.852091e+01
195.274463 -6.309516e+01 -3.919613e+01
196.276850 -6.281008e+01 -3.985577e+01
197.279236 -6.251317e+01 -4.050099e+01
198.281623 -6.220899e+01 -4.113293e+01
199.284010 -6.190208e+01 -4.175277e+01
200.286396 -6.159698e+01 -4.236163e+01
201.288783 -6.129666e+01 -4.296036e+01
202.291169 -6.100132e+01 -4.354916e+01
203.293556 -6.071087e+01 -4.412820e+01
204.295943 -6.042523e+01 -4.469766e+01
205.298329 -6.014433e+01 -4.525768e+01
206.300716 -5.986807e+01 -4.580842e+01
207.303103 -5.959640e+01 -4.635004e+01
208.305489 -5.932922e+01 -4.688268e+01
209.307876 -5.906648e+01 -4.740650e+01
210.310263 -5.880809e+01 -4.792164e+01
211.312649 -5.855397e+01 -4.842825e+01
212.315036 -5.830407e+01 -4.892646e+01
213.317422 -5.805830e+01 -4.941642e+01
214.319809 -5.781662e+01 -4.989826e+01
215.322196 -5.757893e+01 -5.037211e+01
216.324582 -5.734518e+01 -5.083812e+01
217.326969 -5.711530e+01 -5.129641e+01
218.329356 -5.688923e+01 -5.174710e+01
219.331742 -5.666691e+01 -5.219033e+01
220.334129 -5.644828e+01 -5.262621e+01
221.336516 -5.623326e+01 -5.305487e+01
222.338902 -5.602180e+01 -5.347643e+01
223.341289 -5.581385e+01 -5.389101e+01
224.343675 -5.560934e+01 -5.429872e+01
225.346062 -5.540823e+01 -5.469967e+01
226.348449 -5.521044e+01 -5.509398e+01
227.350835 -5.501593e+01 -5.548175e+01
228.353222 -5.482465e+01 -5.586311e+01
229.355609 -5.463653e+01 -5.623814e+01
230.357995 -5.445153e+01 -5.660696e+01
231.360382 -5.426960e+01 -5.696967e+01
232.362768 -5.409068e+01 -5.732637e+01
233.365155 -5.391472e+01 -5.767717e+01
234.367542 -5.374168e+01 -5.802214e+01
235.369928 -5.357150e+01 -5.836141e+01
236.372315 -5.340415e+01 -5.869505e+01
237.374702 -5.323956e+01 -5.902316e+01
238.377088 -5.307771e+01 -5.934585e+01
239.379475 -5.291853e+01 -5.966318e+01
240.381862 -5.276200e+01 -5.997526e+01
241.384248 -5.260805e+01 -6.028216e+01
242.386635 -5.245666e+01 -6.058398e+01
243.389021 -5.230777e+01 -6.088080e+01
244.391408 -5.216136e+01 -6.117270e+01
245.393795 -5.201736e+01 -6.145977e+01
246.396181 -5.187576e+01 -6.174208e+01
247.398568 -5.173650e+01 -6.201971e+01
248.400955 -5.159954e+01 -6.229275e+01
249.403341 -5.146486e+01 -6.256126e+01
250.405728 -5.133241e+01 -6.282532e+01
251.408115 -5.120215e+01 -6.308500e+01
252.410501 -5.107405e+01 -6.334039e+01
253.412888 -5.094807e+01 -6.359154e+01
254.415274 -5.082418e+01 -6.383853e+01
255.417661 -5.070234e+01 -6.408144e+01
256.420048 -5.058252e+01 -6.432030e+01
257.422434 -5.046468e+01 -6.455522e+01
258.424821 -5.034880e+01 -6.478625e+01
259.427208 -5.023484e+01 -6.501345e+01
260.429594 -5.012276e+01 -6.523689e+01
261.431981 -5.001255e+01 -6.545662e+01
262.434368 -4.990416e+01 -6.567271e+01
263.436754 -4.979756e+01 -6.588522e+01
264.439141 -4.969273e+01 -6.609422e+01
265.441527 -4.958963e+01 -6.629974e+01
266.443914 -4.948825e+01 -6.650186e+01
267.446301 -4.938855e+01 -6.670064e+01
268.448687 -4.929049e+01 -6.689613e+01
269.451074 -4.919406e+01 -6.708836e+01
270.453461 -4.909923e+01 -6.727742e+01
271.455847 -4.900597e+01 -6.746335e+01
272.458234 -4.891426e+01 -6.764619e+01
273.460621 -4.882406e+01 -6.782601e+01
274.463007 -4.873536e+01 -6.800285e+01
275.465394 -4.864813e+01 -6.817675e+01
276.467780 -4.856234e+01 -6.834778e+01
277.470167 -4.847798e+01 -6.851597e+01
278.472554 -4.839501e+01 -6.868138e+01
279.474940 -4.831342e+01 -6.884404e+01
280.477327 -4.823317e+01 -6.900401e+01
281.479714 -4.815426e+01 -6.916133e+01
282.482100 -4.807666e+01 -6.931604e+01
283.484487 -4.800034e+01 -6.946820e+01
284.486874 -4.792529e+01 -6.961783e+01
285.489260 -4.785147e+01 -6.976498e+01
286.491647 -4.777889e+01 -6.990969e+01
287.494033 -4.770750e+01 -7.005200e+01
288.496420 -4.763730e+01 -7.019196e+01
289.498807 -4.756826e+01 -7.032960e+01
290.501193 -4.750037e+01 -7.046496e+01
291.503580 -4.743359e+01 -7.059807e+01
292.505967 -4.736793e+01 -7.072898e+01
293.508353 -4.730335e+01 -7.085773e+01
294.510740 -4.723985e+01 -7.098433e+01
295.513126 -4.717739e+01 -7.110884e+01
296.515513 -4.711597e+01 -7.123129e+01
297.517900 -4.705557e+01 -7.135172e+01
298.520286 -4.699617e+01 -7.147014e+01
299.522673 -4.693775e+01 -7.158659e+01
300.525060 -4.688030e+01 -7.170113e+01
301.527446 -4.682380e+01 -7.181377e+01
302.529833 -4.676824e+01 -7.192454e+01
303.532220 -4.671360e+01 -7.203347e+01
304.534606 -4.665987e+01 -7.214059e+01
305.536993 -4.660702e+01 -7.224595e+01
306.539379 -4.655505e+01 -7.234956e+01
307.541766 -4.650394e+01 -7.245145e+01
308.544153 -4.645368e+01 -7.255166e+01
309.546539 -4.640425e+01 -7.265020e+01
310.548926 -4.635564e+01 -7.274711e+01
311.551313 -4.630783e+01 -7.284241e+01
312.553699 -4.626082e+01 -7.293614e+01
313.556086 -4.621458e+01 -7.302831e+01
314.558473 -4.616912e+01 -7.311897e+01
315.560859 -4.612440e+01 -7.320811e+01
316.563246 -4.608043e+01 -7.329578e+01
317.565632 -4.603718e+01 -7.338199e+01
318.568019 -4.599465e+01 -7.346678e+01
319.570406 -4.595283e+01 -7.355016e+01
320.572792 -4.591170e+01 -7.363216e+01
321.575179 -4.587125e+01 -7.371280e+01
322.577566 -4.583147e+01 -7.379211e+01
323.579952 -4.579235e+01 -7.387010e+01
324.582339 -4.575387e+01 -7.394680e+01
325.584726 -4.571604e+01 -7.402223e+01
326.587112 -4.567883e+01 -7.409641e+01
327.589499 -4.564223e+01 -7.416936e+01
328.591885 -4.560625e+01 -7.424110e+01
329.594272 -4.557086e+01 -7.431166e+01
330.596659 -4.553606e+01 -7.438104e+01
331.599045 -4.550183e+01 -7.444928e+01
332.601432 -4.546817e+01 -7.451638e+01
333.603819 -4.543507e+01 -7.458237e+01
334.606205 -4.540252e+01 -7.464728e+01
335.608592 -4.537050e+01 -7.471110e+01
336.610979 -4.533902e+01 -7.477386e+01
337.613365 -4.530806e+01 -7.483559e+01
338.615752 -4.527761e+01 -7.489629e+01
339.618138 -4.524766e+01 -7.495599e+01
340.620525 -4.521821e+01 -7.501470e+01
341.622912 -4.518925e+01 -7.507244e+01
342.625298 -4.516077e+01 -7.512922e+01
343.627685 -4.513276e+01 -7.518506e+01
344.630072 -4.510522e+01 -7.523997e+01
345.632458 -4.507813e+01 -7.529398e+01
346.634845 -4.505149e+01 -7.534709e+01
347.637232 -4.502529e+01 -7.539932e+01
348.639618 -4.499953e+01 -7.545068e+01
349.642005 -4.497419e+01 -7.550120e+01
350.644391 -4.494927e+01 -7.555087e+01
351.646778 -4.492476e+01 -7.559973e+01
352.649165 -4.490067e+01 -7.564777e+01
353.651551 -4.487696e+01 -7.569502e+01
354.653938 -4.485366e+01 -7.574149e+01
355.656325 -4.483074e+01 -7.578719e+01
356.658711 -4.480820e+01 -7.583212e+01
357.661098 -4.478603e+01 -7.587632e+01
358.663484 -4.476423e+01 -7.591978e+01
359.665871 -4.474279e+01 -7.596252e+01
360.668258 -4.472171e+01 -7.600455e+01
361.670644 -4.470097e+01 -7.604589e+01
362.673031 -4.468058e+01 -7.608654e+01
363.675418 -4.466053e+01 -7.612653e+01
364.677804 -4.464080e+01 -7.616584e+01
365.680191 -4.462141e+01 -7.620451e+01
366.682578 -4.460234e+01 -7.624253e+01
367.684964 -4.458358e+01 -7.627992e+01
368.687351 -4.456513e+01 -7.631670e+01
369.689737 -4.454699e+01 -7.635287e+01
370.692124 -4.452915e+01 -7.638844e+01
371.694511 -4.451161e+01 -7.642341e+01
372.696897 -4.449435e+01 -7.645781e+01
373.699284 -4.447739e+01 -7.649164e+01
374.701671 -4.446070e+01 -7.652490e+01
375.704057 -4.444429e+01 -7.655762e+01
376.706444 -4.442815e+01 -7.658979e+01
377.708831 -4.441228e+01 -7.662144e+01
378.711217 -4.439667e+01 -7.665255e+01
379.713604 -4.438132e+01 -7.668315e+01
380.715990 -4.436623e+01 -7.671325e+01
381.718377 -4.435138e+01 -7.674284e+01
382.720764 -4.433678e+01 -7.677195e+01
383.723150 -4.432242e+01 -7.680058e+01
384.725537 -4.430830e+01 -7.682872e+01
385.727924 -4.429442e+01 -7.685641e+01
386.730310 -4.428076e+01 -7.688363e+01
387.732697 -4.426733e+01 -7.691040e+01
388.735084 -4.425412e+01 -7.693673e+01
389.737470 -4.424114e+01 -7.696262e+01
390.739857 -4.422836e+01 -7.698809e+01
391.742243 -4.421580e+01 -7.701313e+01
392.744630 -4.420345e+01 -7.703776e+01
393.747017 -4.419130e+01 -7.706198e+01
394.749403 -4.417936e+01 -7.708580e+01
395.751790 -4.416761e+01 -7.710922e+01
396.754177 -4.415605e+01 -7.713226e+01
397.756563 -4.414469e+01 -7.715491e+01
398.758950 -4.413351e+01 -7.717719e+01
399.761337 -4.412252e+01 -7.719910e+01
400.763723 -4.411171e+01 -7.722064e+01
401.766110 -4.410109e+01 -7.724184e+01
402.768496 -4.409063e+01 -7.726267e+01
403.770883 -4.408035e+01 -7.728316e+01
404.773270 -4.407024e+01 -7.730332e+01
405.775656 -4.406030e+01 -7.732314e+01
406.778043 -4.405053e+01 -7.734263e+01
407.780430 -4.404091e+01 -7.736180e+01
408.782816 -4.403146e+01 -7.738065e+01
409.785203 -4.402216e+01 -7.739919e+01
410.787589 -4.401301e+01 -7.741742e+01
411.789976 -4.400402e+01 -7.743535e+01
412.792363 -4.399517e+01 -7.745298e+01
413.794749 -4.398648e+01 -7.747032e+01
414.797136 -4.397792e+01 -7.748737e+01
415.799523 -4.396951e+01 -7.750414e+01
416.801909 -4.396124e+01 -7.752064e+01
417.804296 -4.395310e+01 -7.753686e+01
418.806683 -4.394510e+01 -7.755281e+01
419.809069 -4.393723e+01 -7.756850e+01
420.811456 -4.392949e+01 -7.758392e+01
421.813842 -4.392189e+01 -7.759909e+01
422.816229 -4.391440e+01 -7.761401e+01
423.818616 -4.390704e+01 -7.762868e+01
424.821002 -4.389980e+01 -7.764311e+01
425.823389 -4.389268e+01 -7.765730e+01
426.825776 -4.388568e+01 -7.767126e+01
427.828162 -4.387880e+01 -7.768498e+01
428.830549 -4.387203e+01 -7.769848e+01
429.832936 -4.386538e+01 -7.771175e+01
430.835322 -4.385883e+01 -7.772481e+01
431.837709 -4.385239e+01 -7.773764e+01
432.840095 -4.384606e+01 -7.775027e+01
433.842482 -4.383983e+01 -7.776268e+01
434.844869 -4.383371e+01 -7.777489e+01
435.847255 -4.382768e+01 -7.778690e+01
436.849642 -4.382176e+01 -7.779871e+01
437.852029 -4.381593e+01 -7.781032e+01
438.854415 -4.381021e+01 -7.782174e+01
439.856802 -4.380457e+01 -7.783297e+01
440.859189 -4.379903e+01 -7.784402e+01
441.861575 -4.379358e+01 -7.785487e+01
442.863962 -4.378823e+01 -7.786555e+01
443.866348 -4.378296e+01 -7.787606e+01
444.868735 -4.377777e+01 -7.788639e+01
445.871122 -4.377268e+01 -7.789655e+01
446.873508 -4.376767e+01 -7.790655e+01
447.875895 -4.376274e+01 -7.791637e+01
448.878282 -4.375789e+01 -7.792603e+01
449.880668 -4.375312e+01 -7.793554e+01
450.883055 -4.374844e+01 -7.794489e+01
451.885442 -4.374383e+01 -7.795407e+01
452.887828 -4.373929e+01 -7.796311e+01
453.890215 -4.373484e+01 -7.797200e+01
454.892601 -4.373045e+01 -7.798074e+01
455.894988 -4.372614e+01 -7.798933e+01
456.897375 -4.372190e+01 -7.799779e+01
457.899761 -4.371773e+01 -7.800610e+01
458.902148 -4.371363e+01 -7.801428e+01
459.904535 -4.370959e+01 -7.802232e+01
460.906921 -4.370563e+01 -7.803023e+01
461.909308 -4.370173e+01 -7.803801e+01
462.911695 -4.369789e+01 -7.804565e+01
463.914081 -4.369412e+01 -7.805318e+01
464.916468 -4.369041e+01 -7.806057e+01
465.918854 -4.368676e+01 -7.806785e+01
466.921241 -4.368317e+01 -7.807500e+01
467.923628 -4.367964e+01 -7.808203e+01
468.926014 -4.367617e+01 -7.808895e+01
469.928401 -4.367276e+01 -7.809576e+01
470.930788 -4.366940e+01 -7.810245e+01
471.933174 -4.366610e+01 -7.810902e+01
472.935561 -4.366286e+01 -7.811550e+01
473.937947 -4.365966e+01 -7.812186e+01
474.940334 -4.365652e+01 -7.812812e+01
475.942721 -4.365344e+01 -7.813428e+01
476.945107 -4.365040e+01 -7.814033e+01
477.947494 -4.364742e+01 -7.814628e+01
478.949881 -4.364448e+01 -7.815214e+01
479.952267 -4.364159e+01 -7.815789e+01
480.954654 -4.363875e+01 -7.816355e+01
481.957041 -4.363596e+01 -7.816912e+01
482.959427 -4.363321e+01 -7.817460e+01
483.961814 -4.363051e+01 -7.817999e+01
484.964200 -4.362785e+01 -7.818528e+01
485.966587 -4.362524e+01 -7.819048e+01
486.968974 -4.362267e+01 -7.819561e+01
487.971360 -4.362015e+01 -7.820065e+01
488.973747 -4.361766e+01 -7.820560e+01
489.976134 -4.361522e+01 -7.821046e+01
490.978520 -4.361282e+01 -7.821526e+01
491.980907 -4.361045e+01 -7.821997e+01
492.983294 -4.360813e+01 -7.822460e+01
493.985680 -4.360584e+01 -7.822916e+01
494.988067 -4.360360e+01 -7.823364e+01
495.990453 -4.360139e+01 -7.823804e+01
496.992840 -4.359921e+01 -7.824238e+01
497.995227 -4.359708e+01 -7.824664e+01
498.997613 -4.359497e+01 -7.825083e+01
500.000000 -4.359290e+01 -7.825495e+01
