# Euler angles (1-2-3 representation, in degrees)
# Extracted from BOUMME model on Mon Nov  9 10:48:13 2015
#   MD2000 SW-A(alpha)  SW-A(beta) SW-A(gamma) SW-B(alpha)  SW-B(beta) SW-B(gamma) SW-C(alpha)  SW-C(beta) SW-C(gamma)
   5090.00   11.800972  -76.190849  -12.570562   -8.883138  -76.423820    9.115392    1.817010  -76.825111   -1.984360
   5100.00   11.801150  -76.190859  -12.570982   -8.883023  -76.424205    9.115505    1.815375  -76.825389   -1.981758
   5110.00   11.801089  -76.190843  -12.571237   -8.882907  -76.424590    9.115617    1.813739  -76.825668   -1.979157
   5120.00   11.799417  -76.190660  -12.570379   -8.887611  -76.424349    9.119979    1.811404  -76.825785   -1.976128
   5130.00   11.797745  -76.190477  -12.569520   -8.892325  -76.424107    9.124351    1.808017  -76.825659   -1.972459
   5140.00   11.796937  -76.190514  -12.569095   -8.897040  -76.423865    9.128723    1.804629  -76.825533   -1.968789
   5150.00   11.801962  -76.192041  -12.571598   -8.893227  -76.425631    9.124743    1.804444  -76.825872   -1.968552
   5160.00   11.806987  -76.193568  -12.574101   -8.889395  -76.427402    9.120743    1.809068  -76.826907   -1.973470
   5170.00   11.811051  -76.194858  -12.575980   -8.885563  -76.429173    9.116744    1.813693  -76.827943   -1.978389
   5180.00   11.808632  -76.194548  -12.573652   -8.884546  -76.428612    9.114940    1.816301  -76.828445   -1.981064
   5190.00   11.806214  -76.194239  -12.571323   -8.883536  -76.428047    9.113142    1.815879  -76.828147   -1.980368
   5200.00   11.804271  -76.193923  -12.569481   -8.882525  -76.427481    9.111343    1.815458  -76.827848   -1.979673
   5210.00   11.805530  -76.193563  -12.570912   -8.880672  -76.427416    9.109812    1.816140  -76.827738   -1.980095
   5220.00   11.806789  -76.193203  -12.572344   -8.878817  -76.427351    9.108281    1.818481  -76.827911   -1.982197
   5230.00   11.808292  -76.192887  -12.574272   -8.876962  -76.427287    9.106750    1.820821  -76.828084   -1.984300
   5240.00   11.811437  -76.192867  -12.579549   -8.874050  -76.427514    9.102423    1.824153  -76.828088   -1.988166
   5250.00   11.814582  -76.192846  -12.584826   -8.871136  -76.427742    9.098089    1.828976  -76.827837   -1.994682
   5260.00   11.817913  -76.192721  -12.590111   -8.868222  -76.427969    9.093755    1.833798  -76.827586   -2.001198
   5270.00   11.822503  -76.191889  -12.595444   -8.864034  -76.427530    9.088036    1.836012  -76.827480   -2.003172
   5280.00   11.827092  -76.191056  -12.600777   -8.859844  -76.427090    9.082314    1.834309  -76.827593   -1.998325
   5290.00   11.830121  -76.190474  -12.603675   -8.855653  -76.426649    9.076593    1.832606  -76.827706   -1.993477
   5300.00   11.822621  -76.191574  -12.590143   -8.865903  -76.427407    9.093633    1.829437  -76.827794   -1.988373
   5310.00   11.815121  -76.192675  -12.576612   -8.876186  -76.428167    9.110725    1.824064  -76.827845   -1.982885
   5320.00   11.808217  -76.193627  -12.564706   -8.886468  -76.428927    9.127817    1.818692  -76.827895   -1.977397
   5330.00   11.805335  -76.193575  -12.563765   -8.887404  -76.428272    9.127502    1.814693  -76.827881   -1.973518
   5340.00   11.802454  -76.193524  -12.562824   -8.888320  -76.427614    9.127147    1.812758  -76.827770   -1.972058
   5350.00   11.799618  -76.193485  -12.561798   -8.889235  -76.426955    9.126792    1.810823  -76.827658   -1.970598
   5360.00   11.797087  -76.193538  -12.560193   -8.890382  -76.426728    9.127276    1.809295  -76.827498   -1.968971
   5370.00   11.794556  -76.193591  -12.558588   -8.891529  -76.426502    9.127762    1.808379  -76.827266   -1.967091
   5380.00   11.792540  -76.193583  -12.557159   -8.892677  -76.426276    9.128249    1.807464  -76.827034   -1.965210
   5390.00   11.794003  -76.193164  -12.556918   -8.892018  -76.426168    9.130061    1.807311  -76.826800   -1.964536
   5400.00   11.795466  -76.192745  -12.556678   -8.891356  -76.426060    9.131877    1.808302  -76.826564   -1.965673
   5410.00   11.797503  -76.192396  -12.557888   -8.890693  -76.425952    9.133692    1.809294  -76.826329   -1.966810
   5420.00   11.803415  -76.192512  -12.568887   -8.892053  -76.425380    9.134308    1.812365  -76.826519   -1.972645
   5430.00   11.809326  -76.192628  -12.579886   -8.893418  -76.424807    9.134921    1.818559  -76.827349   -1.985538
   5440.00   11.814549  -76.192766  -12.589624   -8.894782  -76.424235    9.135534    1.824753  -76.828179   -1.998431
   5450.00   11.815128  -76.193060  -12.590858   -8.888755  -76.426213    9.121780    1.827608  -76.828740   -2.004234
   5460.00   11.815706  -76.193353  -12.592092   -8.882712  -76.428197    9.107992    1.825449  -76.828896   -1.999388
   5470.00   11.815883  -76.193597  -12.592547   -8.876668  -76.430182    9.094205    1.823289  -76.829052   -1.994542
   5480.00   11.813354  -76.193503  -12.587750   -8.875026  -76.429631    9.094019    1.821890  -76.829025   -1.990829
   5490.00   11.810824  -76.193410  -12.582953   -8.873393  -76.429074    9.093863    1.821631  -76.828722   -1.988820
   5500.00   11.808556  -76.193308  -12.578595   -8.871761  -76.428518    9.093708    1.821372  -76.828420   -1.986811
   5510.00   11.808053  -76.193155  -12.577192   -8.871312  -76.428240    9.094746    1.821351  -76.828157   -1.985613
   5520.00   11.807551  -76.193001  -12.575789   -8.870865  -76.427963    9.095787    1.821686  -76.827953   -1.985634
   5530.00   11.806999  -76.192885  -12.574776   -8.870418  -76.427686    9.096828    1.822022  -76.827749   -1.985655
   5540.00   11.806117  -76.193018  -12.576398   -8.872893  -76.428020    9.100330    1.821862  -76.827463   -1.985256
   5550.00   11.805235  -76.193151  -12.578020   -8.875374  -76.428355    9.103838    1.820959  -76.827053   -1.984224
   5560.00   11.804395  -76.193197  -12.578853   -8.877856  -76.428691    9.107345    1.820055  -76.826644   -1.983192
   5570.00   11.803844  -76.192656  -12.574362   -8.876326  -76.428679    9.104603    1.819465  -76.826458   -1.982310
   5580.00   11.803293  -76.192115  -12.569870   -8.874787  -76.428668    9.101847    1.819344  -76.826610   -1.981654
   5590.00   11.802914  -76.191672  -12.565989   -8.873248  -76.428656    9.099091    1.819222  -76.826762   -1.980998
   5600.00   11.803702  -76.191892  -12.566222   -8.877815  -76.428211    9.108023    1.818635  -76.826705   -1.979406
   5610.00   11.804491  -76.192113  -12.566456   -8.882396  -76.427766    9.116982    1.817348  -76.826336   -1.976406
   5620.00   11.804937  -76.192296  -12.566337   -8.886977  -76.427321    9.125941    1.816061  -76.825967   -1.973407
   5630.00   11.803075  -76.192232  -12.563845   -8.884964  -76.426959    9.124677    1.812455  -76.825854   -1.969456
   5640.00   11.801214  -76.192168  -12.561352   -8.882937  -76.426596    9.123390    1.805364  -76.826128   -1.964076
   5650.00   11.798598  -76.192176  -12.558571   -8.880909  -76.426234    9.122103    1.798273  -76.826401   -1.958695
   5660.00   11.790892  -76.192664  -12.553848   -8.885398  -76.425829    9.126260    1.793018  -76.826462   -1.954517
   5670.00   11.783186  -76.193152  -12.549126   -8.889901  -76.425424    9.130431    1.790522  -76.826202   -1.952143
   5680.00   11.776607  -76.193531  -12.545263   -8.894405  -76.425019    9.134601    1.788026  -76.825942   -1.949769
   5690.00   11.777629  -76.193180  -12.547200   -8.898989  -76.424811    9.138465    1.790518  -76.825663   -1.954768
   5700.00   11.778651  -76.192829  -12.549137   -8.903574  -76.424603    9.142328    1.800503  -76.825357   -1.970842
   5710.00   11.780627  -76.192459  -12.552310   -8.908158  -76.424395    9.146191    1.810488  -76.825051   -1.986916
