-15.000000 -21.429467 -21.676727
-14.747475 -21.426622 -21.479669
-14.494949 -19.636422 -21.281149
-14.242424 -20.277888 -21.081162
-13.989899 -19.833882 -20.879702
-13.737374 -21.673601 -20.676759
-13.484848 -22.471782 -20.472316
-13.232323 -20.715652 -20.266349
-12.979798 -19.927686 -20.058816
-12.727273 -18.875101 -19.849655
-12.474747 -19.480499 -19.638773
-12.222222 -20.415236 -19.426030
-11.969697 -19.631469 -19.211217
-11.717172 -18.646684 -18.994034
-11.464646 -17.839831 -18.774050
-11.212121 -18.855857 -18.550657
-10.959596 -18.707691 -18.323009
-10.707071 -17.893478 -18.089951
-10.454545 -18.263111 -17.849925
-10.202020 -18.157765 -17.600869
-9.949495 -16.603793 -17.340093
-9.696970 -17.214725 -17.064154
-9.444444 -16.855888 -16.768719
-9.191919 -17.109596 -16.448438
-8.939394 -16.470418 -16.096832
-8.686869 -15.511638 -15.706218
-8.434343 -15.108172 -15.267686
-8.181818 -15.352198 -14.771158
-7.929293 -14.267594 -14.205533
-7.676768 -12.194161 -13.558960
-7.424242 -13.003212 -12.819247
-7.171717 -12.245754 -11.974406
-6.919192 -11.216175 -11.013341
-6.666667 -12.338258 -9.926671
-6.414141 -8.355983 -8.707631
-6.161616 -7.599311 -7.353034
-5.909091 -6.326250 -5.864209
-5.656566 -3.905129 -4.247843
-5.404040 -1.436447 -2.516654
-5.151515 -1.415708 -0.689796
-4.898990 1.871242 1.207067
-4.646465 4.334995 3.142095
-4.393939 3.985650 5.078019
-4.141414 5.966496 6.973337
-3.888889 10.208766 8.783895
-3.636364 9.221012 10.464798
-3.383838 13.116544 11.972524
-3.131313 14.111264 13.267128
-2.878788 13.596084 14.314358
-2.626263 14.454935 15.087544
-2.373737 16.360553 15.569111
-2.121212 15.189482 15.751588
-1.868687 15.300185 15.638045
-1.616162 15.682170 15.241914
-1.363636 14.808346 14.586211
-1.111111 13.528447 13.702220
-0.858586 13.607408 12.627750
-0.606061 11.187075 11.405089
-0.353535 10.533524 10.078823
-0.101010 7.063653 8.693664
0.151515 6.875708 7.292438
0.404040 6.024641 5.914358
0.656566 4.341312 4.593656
0.909091 2.704443 3.358650
1.161616 0.836055 2.231235
1.414141 2.634640 1.226794
1.666667 0.610197 0.354475
1.919192 0.886389 -0.382243
2.171717 -0.454236 -0.984765
2.424242 -2.059657 -1.458473
2.676768 -0.683524 -1.811766
2.929293 -2.848535 -2.055127
3.181818 -1.536146 -2.200262
3.434343 -3.005720 -2.259352
3.686869 -2.337424 -2.244450
3.939394 -0.831542 -2.167009
4.191919 -1.687788 -2.037563
4.444444 1.131786 -1.865523
4.696970 -0.046388 -1.659087
4.949495 0.144796 -1.425232
5.202020 -0.583572 -1.169769
5.454545 -1.862262 -0.897443
5.707071 -0.341480 -0.612054
5.959596 0.060043 -0.316590
6.212121 -2.166434 -0.013363
6.464646 -0.305847 0.295873
6.717172 -1.393992 0.609805
6.969697 -0.041320 0.927469
7.222222 0.754769 1.248163
7.474747 0.748139 1.571390
7.727273 1.964933 1.896799
7.979798 1.760277 2.224147
8.232323 0.931367 2.553268
8.484848 1.903049 2.884052
8.737374 3.077992 3.216424
8.989899 4.437384 3.550336
9.242424 5.410664 3.885757
9.494949 4.147013 4.222667
9.747475 4.535474 4.561054
10.000000 5.850489 4.900909
Completed [0/0]
