# Field 1: altitude (km)
# Field 2: electron density (m^-3)
# Field 3: neutral temperature (K)
# Field 4: ion temperature (K)
# Field 5: electron temperature (K)
# Field 6: O+ density (m^-3)
# Field 7: H+ density (m^-3)
# Field 8: HE+ density (m^-3)
# Field 9: O2+ density (m^-3)
# Field 10: NO+ density (m^-3)
# Field 11: N+ density (m^-3)
# Field 12: cluster ion density (m^-3)
50.000000 0.000000000000e+00 -1.000000000000e+00 -1.000000000000e+00 -1.000000000000e+00 0.000000000000e+00 0.000000000000e+00 0.000000000000e+00 0.000000000000e+00 0.000000000000e+00 0.000000000000e+00 0.000000000000e+00
52.000000 0.000000000000e+00 -1.000000000000e+00 -1.000000000000e+00 -1.000000000000e+00 0.000000000000e+00 0.000000000000e+00 0.000000000000e+00 0.000000000000e+00 0.000000000000e+00 0.000000000000e+00 0.000000000000e+00
54.000000 0.000000000000e+00 -1.000000000000e+00 -1.000000000000e+00 -1.000000000000e+00 0.000000000000e+00 0.000000000000e+00 0.000000000000e+00 0.000000000000e+00 0.000000000000e+00 0.000000000000e+00 0.000000000000e+00
56.000000 0.000000000000e+00 -1.000000000000e+00 -1.000000000000e+00 -1.000000000000e+00 0.000000000000e+00 0.000000000000e+00 0.000000000000e+00 0.000000000000e+00 0.000000000000e+00 0.000000000000e+00 0.000000000000e+00
58.000000 0.000000000000e+00 -1.000000000000e+00 -1.000000000000e+00 -1.000000000000e+00 0.000000000000e+00 0.000000000000e+00 0.000000000000e+00 0.000000000000e+00 0.000000000000e+00 0.000000000000e+00 0.000000000000e+00
60.000000 0.000000000000e+00 2.446207122803e+02 2.446207122803e+02 2.446207122803e+02 0.000000000000e+00 0.000000000000e+00 0.000000000000e+00 0.000000000000e+00 0.000000000000e+00 0.000000000000e+00 0.000000000000e+00
62.000000 0.000000000000e+00 2.366880493164e+02 2.366880493164e+02 2.366880493164e+02 0.000000000000e+00 0.000000000000e+00 0.000000000000e+00 0.000000000000e+00 0.000000000000e+00 0.000000000000e+00 0.000000000000e+00
64.000000 0.000000000000e+00 2.290148925781e+02 2.290148925781e+02 2.290148925781e+02 0.000000000000e+00 0.000000000000e+00 0.000000000000e+00 0.000000000000e+00 0.000000000000e+00 0.000000000000e+00 0.000000000000e+00
66.000000 0.000000000000e+00 2.220212249756e+02 2.220212249756e+02 2.220212249756e+02 0.000000000000e+00 0.000000000000e+00 0.000000000000e+00 0.000000000000e+00 0.000000000000e+00 0.000000000000e+00 0.000000000000e+00
68.000000 0.000000000000e+00 2.160257263184e+02 2.160257263184e+02 2.160257263184e+02 0.000000000000e+00 0.000000000000e+00 0.000000000000e+00 0.000000000000e+00 0.000000000000e+00 0.000000000000e+00 0.000000000000e+00
70.000000 0.000000000000e+00 2.112805328369e+02 2.112805328369e+02 2.112805328369e+02 0.000000000000e+00 0.000000000000e+00 0.000000000000e+00 0.000000000000e+00 0.000000000000e+00 0.000000000000e+00 0.000000000000e+00
72.000000 0.000000000000e+00 2.080080108643e+02 2.080080108643e+02 2.080080108643e+02 0.000000000000e+00 0.000000000000e+00 0.000000000000e+00 0.000000000000e+00 0.000000000000e+00 0.000000000000e+00 0.000000000000e+00
74.000000 0.000000000000e+00 2.058243103027e+02 2.058243103027e+02 2.058243103027e+02 0.000000000000e+00 0.000000000000e+00 0.000000000000e+00 0.000000000000e+00 0.000000000000e+00 0.000000000000e+00 0.000000000000e+00
76.000000 0.000000000000e+00 2.033630828857e+02 2.033630828857e+02 2.033630828857e+02 0.000000000000e+00 0.000000000000e+00 0.000000000000e+00 0.000000000000e+00 0.000000000000e+00 0.000000000000e+00 0.000000000000e+00
78.000000 0.000000000000e+00 2.005866088867e+02 2.005866088867e+02 2.005866088867e+02 0.000000000000e+00 0.000000000000e+00 0.000000000000e+00 0.000000000000e+00 0.000000000000e+00 0.000000000000e+00 0.000000000000e+00
80.000000 1.092642500000e+06 1.975248565674e+02 1.975248565674e+02 1.975248565674e+02 0.000000000000e+00 0.000000000000e+00 0.000000000000e+00 6.555854687500e+04 2.076020781250e+05 0.000000000000e+00 8.194818750000e+05
82.000000 2.985130200000e+07 1.942090301514e+02 1.942090301514e+02 1.942090301514e+02 0.000000000000e+00 0.000000000000e+00 0.000000000000e+00 2.985130250000e+06 8.656878000000e+06 0.000000000000e+00 1.820929400000e+07
84.000000 1.688708160000e+08 1.906709747314e+02 1.906709747314e+02 1.906709747314e+02 0.000000000000e+00 0.000000000000e+00 0.000000000000e+00 2.533062200000e+07 6.417090800000e+07 0.000000000000e+00 7.936928000000e+07
86.000000 3.365951040000e+08 1.869424438477e+02 1.869424438477e+02 1.869424438477e+02 0.000000000000e+00 0.000000000000e+00 0.000000000000e+00 6.058712000000e+07 1.615656480000e+08 0.000000000000e+00 1.144423360000e+08
88.000000 4.022326400000e+08 1.830546875000e+02 1.830546875000e+02 1.830546875000e+02 0.000000000000e+00 0.000000000000e+00 0.000000000000e+00 8.446885600000e+07 2.292726080000e+08 0.000000000000e+00 8.849118400000e+07
90.000000 4.799112640000e+08 1.790378112793e+02 1.790378112793e+02 1.790378112793e+02 0.000000000000e+00 0.000000000000e+00 0.000000000000e+00 1.103795840000e+08 3.215405440000e+08 0.000000000000e+00 4.799112400000e+07
92.000000 8.851371520000e+08 1.750578155518e+02 1.750578155518e+02 1.750578155518e+02 0.000000000000e+00 0.000000000000e+00 0.000000000000e+00 1.770274400000e+08 6.372988160000e+08 0.000000000000e+00 7.081097600000e+07
94.000000 1.539278336000e+09 1.717804565430e+02 1.717804565430e+02 1.717804565430e+02 0.000000000000e+00 0.000000000000e+00 0.000000000000e+00 2.616773120000e+08 1.185244288000e+09 0.000000000000e+00 9.235669600000e+07
96.000000 2.026798208000e+09 1.699075012207e+02 1.699075012207e+02 1.699075012207e+02 0.000000000000e+00 0.000000000000e+00 0.000000000000e+00 3.040197440000e+08 1.641706496000e+09 0.000000000000e+00 8.107192800000e+07
98.000000 2.368218880000e+09 1.701200714111e+02 1.701200714111e+02 1.701200714111e+02 0.000000000000e+00 0.000000000000e+00 0.000000000000e+00 2.841862400000e+08 2.036668160000e+09 0.000000000000e+00 4.736437600000e+07
100.000000 2.565913088000e+09 1.732289581299e+02 1.732289581299e+02 1.732289581299e+02 0.000000000000e+00 0.000000000000e+00 0.000000000000e+00 2.309321760000e+08 2.334980864000e+09 0.000000000000e+00 0.000000000000e+00
102.000000 2.660548864000e+09 1.800962982178e+02 1.800962982178e+02 1.800962982178e+02 0.000000000000e+00 0.000000000000e+00 0.000000000000e+00 3.192658560000e+08 2.341282816000e+09 0.000000000000e+00 0.000000000000e+00
104.000000 2.696610816000e+09 1.907862701416e+02 1.907862701416e+02 1.907862701416e+02 0.000000000000e+00 0.000000000000e+00 0.000000000000e+00 3.775255040000e+08 2.319085312000e+09 0.000000000000e+00 0.000000000000e+00
106.000000 2.706437120000e+09 2.052163543701e+02 2.052163543701e+02 2.052163543701e+02 0.000000000000e+00 0.000000000000e+00 0.000000000000e+00 4.600943360000e+08 2.246342912000e+09 0.000000000000e+00 0.000000000000e+00
108.000000 2.707883776000e+09 2.231979675293e+02 2.231979675293e+02 2.231979675293e+02 0.000000000000e+00 0.000000000000e+00 0.000000000000e+00 5.415767680000e+08 2.166307072000e+09 0.000000000000e+00 0.000000000000e+00
110.000000 2.707930368000e+09 2.440790252686e+02 2.440790252686e+02 2.440790252686e+02 0.000000000000e+00 0.000000000000e+00 0.000000000000e+00 6.228240000000e+08 2.112185728000e+09 0.000000000000e+00 0.000000000000e+00
112.000000 2.637581056000e+09 2.666641845703e+02 2.666641845703e+02 2.666641845703e+02 0.000000000000e+00 0.000000000000e+00 0.000000000000e+00 6.593952640000e+08 1.978185728000e+09 0.000000000000e+00 0.000000000000e+00
114.000000 2.451237632000e+09 2.905639038086e+02 2.905639038086e+02 2.905639038086e+02 0.000000000000e+00 0.000000000000e+00 0.000000000000e+00 6.863464960000e+08 1.764891136000e+09 0.000000000000e+00 0.000000000000e+00
116.000000 2.192649728000e+09 3.156797485352e+02 3.156797485352e+02 3.156797485352e+02 0.000000000000e+00 0.000000000000e+00 0.000000000000e+00 6.797214080000e+08 1.512928384000e+09 0.000000000000e+00 0.000000000000e+00
118.000000 1.904634624000e+09 3.419169311523e+02 3.419169311523e+02 3.419169311523e+02 0.000000000000e+00 0.000000000000e+00 0.000000000000e+00 6.285294080000e+08 1.276105216000e+09 0.000000000000e+00 0.000000000000e+00
120.000000 1.620952960000e+09 3.692137145996e+02 3.692137145996e+02 3.692137145996e+02 0.000000000000e+00 0.000000000000e+00 0.000000000000e+00 5.835431040000e+08 1.037409920000e+09 0.000000000000e+00 0.000000000000e+00
122.000000 1.363480192000e+09 3.975808715820e+02 3.975808715820e+02 3.975808715820e+02 0.000000000000e+00 0.000000000000e+00 0.000000000000e+00 4.772180800000e+08 8.862621440000e+08 0.000000000000e+00 0.000000000000e+00
124.000000 1.143240320000e+09 4.268109130859e+02 4.268109130859e+02 4.268109130859e+02 0.000000000000e+00 0.000000000000e+00 0.000000000000e+00 3.887016960000e+08 7.545386240000e+08 0.000000000000e+00 0.000000000000e+00
126.000000 9.632891520000e+08 4.552638549805e+02 4.552638549805e+02 4.552638549805e+02 0.000000000000e+00 0.000000000000e+00 0.000000000000e+00 3.275183360000e+08 6.357708800000e+08 0.000000000000e+00 0.000000000000e+00
128.000000 8.218599040000e+08 4.822393188477e+02 4.822393188477e+02 4.822393188477e+02 0.000000000000e+00 0.000000000000e+00 0.000000000000e+00 2.712137600000e+08 5.506461440000e+08 0.000000000000e+00 0.000000000000e+00
130.000000 7.149341440000e+08 5.078149108887e+02 5.078149108887e+02 5.078149108887e+02 0.000000000000e+00 0.000000000000e+00 0.000000000000e+00 2.287789280000e+08 4.861552320000e+08 0.000000000000e+00 0.000000000000e+00
132.000000 6.380017280000e+08 5.320640869141e+02 5.320640869141e+02 5.320640869141e+02 0.000000000000e+00 0.000000000000e+00 0.000000000000e+00 2.169205920000e+08 4.210811520000e+08 0.000000000000e+00 0.000000000000e+00
134.000000 5.871150080000e+08 5.550562744141e+02 5.550562744141e+02 5.550562744141e+02 0.000000000000e+00 0.000000000000e+00 0.000000000000e+00 2.054902560000e+08 3.816247360000e+08 0.000000000000e+00 0.000000000000e+00
136.000000 5.594579840000e+08 5.768574829102e+02 5.768574829102e+02 5.768574829102e+02 0.000000000000e+00 0.000000000000e+00 0.000000000000e+00 2.069994560000e+08 3.524585280000e+08 0.000000000000e+00 0.000000000000e+00
138.000000 5.536474240000e+08 5.975300292969e+02 5.975300292969e+02 5.975300292969e+02 0.000000000000e+00 0.000000000000e+00 0.000000000000e+00 2.103860160000e+08 3.432613760000e+08 0.000000000000e+00 0.000000000000e+00
140.000000 5.699324160000e+08 6.171329345703e+02 6.171329345703e+02 6.171329345703e+02 0.000000000000e+00 0.000000000000e+00 0.000000000000e+00 2.279729600000e+08 3.419594240000e+08 0.000000000000e+00 0.000000000000e+00
142.000000 6.103870080000e+08 6.357222900391e+02 6.357222900391e+02 6.357222900391e+02 6.103870000000e+06 0.000000000000e+00 0.000000000000e+00 2.441548000000e+08 3.601283200000e+08 0.000000000000e+00 0.000000000000e+00
144.000000 6.791320320000e+08 6.533509521484e+02 6.533509521484e+02 6.533509521484e+02 6.791320500000e+06 0.000000000000e+00 0.000000000000e+00 2.716528320000e+08 4.006879040000e+08 0.000000000000e+00 0.000000000000e+00
146.000000 7.825190400000e+08 6.700690917969e+02 6.700690917969e+02 6.700690917969e+02 1.565038100000e+07 0.000000000000e+00 0.000000000000e+00 3.130076160000e+08 4.538610560000e+08 0.000000000000e+00 0.000000000000e+00
148.000000 9.290596480000e+08 6.859243164062e+02 6.859243164062e+02 6.859243164062e+02 2.787178800000e+07 0.000000000000e+00 0.000000000000e+00 3.716238400000e+08 5.295639680000e+08 0.000000000000e+00 0.000000000000e+00
150.000000 1.128625792000e+09 7.009616699219e+02 7.009616699219e+02 7.009616699219e+02 3.385877600000e+07 0.000000000000e+00 0.000000000000e+00 4.514503040000e+08 6.433167360000e+08 0.000000000000e+00 0.000000000000e+00
152.000000 1.390076544000e+09 7.152238159180e+02 7.152238159180e+02 7.152238159180e+02 5.560306000000e+07 0.000000000000e+00 0.000000000000e+00 5.560305920000e+08 7.784428160000e+08 0.000000000000e+00 0.000000000000e+00
154.000000 1.716139904000e+09 7.287510986328e+02 7.287510986328e+02 7.287510986328e+02 8.580700000000e+07 0.000000000000e+00 0.000000000000e+00 6.864560000000e+08 9.438769920000e+08 0.000000000000e+00 0.000000000000e+00
156.000000 2.094565504000e+09 7.415817871094e+02 7.415817871094e+02 7.415817871094e+02 1.047282800000e+08 0.000000000000e+00 0.000000000000e+00 8.378262400000e+08 1.152011136000e+09 0.000000000000e+00 0.000000000000e+00
158.000000 2.486370304000e+09 7.537521972656e+02 7.537521972656e+02 7.537521972656e+02 1.491822240000e+08 0.000000000000e+00 0.000000000000e+00 9.945481600000e+08 1.342640000000e+09 0.000000000000e+00 0.000000000000e+00
160.000000 2.840383744000e+09 7.652966308594e+02 7.652966308594e+02 7.652966308594e+02 1.988268640000e+08 0.000000000000e+00 0.000000000000e+00 1.136153472000e+09 1.505403392000e+09 0.000000000000e+00 0.000000000000e+00
162.000000 3.231855872000e+09 7.762476806641e+02 7.762476806641e+02 7.762476806641e+02 2.585484640000e+08 0.000000000000e+00 0.000000000000e+00 1.260423808000e+09 1.712883584000e+09 0.000000000000e+00 0.000000000000e+00
164.000000 3.676935936000e+09 7.866362304688e+02 7.866362304688e+02 7.866362304688e+02 3.676936000000e+08 0.000000000000e+00 0.000000000000e+00 1.397235712000e+09 1.912006656000e+09 0.000000000000e+00 0.000000000000e+00
166.000000 4.182939904000e+09 7.964913940430e+02 7.964913940430e+02 7.964913940430e+02 5.019528000000e+08 0.000000000000e+00 0.000000000000e+00 1.547687808000e+09 2.133299456000e+09 0.000000000000e+00 0.000000000000e+00
168.000000 4.758188544000e+09 8.058409423828e+02 8.058409423828e+02 8.058409423828e+02 6.185644800000e+08 0.000000000000e+00 0.000000000000e+00 1.712947840000e+09 2.426675968000e+09 0.000000000000e+00 0.000000000000e+00
170.000000 5.412158464000e+09 8.147109375000e+02 8.147109375000e+02 8.147109375000e+02 8.118237440000e+08 0.000000000000e+00 0.000000000000e+00 1.894255488000e+09 2.706079232000e+09 0.000000000000e+00 0.000000000000e+00
172.000000 6.155613184000e+09 8.231264648438e+02 8.231264648438e+02 8.231264648438e+02 1.046454272000e+09 0.000000000000e+00 0.000000000000e+00 2.092908544000e+09 3.016250368000e+09 0.000000000000e+00 0.000000000000e+00
174.000000 7.000823808000e+09 8.311109619141e+02 8.311109619141e+02 8.311109619141e+02 1.260148352000e+09 0.000000000000e+00 0.000000000000e+00 2.310272000000e+09 3.430403840000e+09 0.000000000000e+00 0.000000000000e+00
176.000000 7.961732608000e+09 8.386867065430e+02 8.386867065430e+02 8.386867065430e+02 1.592346624000e+09 0.000000000000e+00 0.000000000000e+00 2.547754496000e+09 3.821631744000e+09 0.000000000000e+00 0.000000000000e+00
178.000000 9.054265344000e+09 8.458749389648e+02 8.458749389648e+02 8.458749389648e+02 1.991938432000e+09 0.000000000000e+00 0.000000000000e+00 2.806822400000e+09 4.255504896000e+09 0.000000000000e+00 0.000000000000e+00
180.000000 1.029652070400e+10 8.526956176758e+02 8.526956176758e+02 8.526956176758e+02 2.368199680000e+09 0.000000000000e+00 0.000000000000e+00 3.088956160000e+09 4.839364608000e+09 0.000000000000e+00 0.000000000000e+00
182.000000 1.170918707200e+10 8.591678466797e+02 8.591678466797e+02 8.591678466797e+02 2.927296768000e+09 0.000000000000e+00 0.000000000000e+00 3.395664384000e+09 5.386226176000e+09 0.000000000000e+00 0.000000000000e+00
184.000000 1.331587584000e+10 8.653095703125e+02 8.653095703125e+02 8.653095703125e+02 3.595286528000e+09 0.000000000000e+00 0.000000000000e+00 3.728445184000e+09 5.992144384000e+09 0.000000000000e+00 0.000000000000e+00
186.000000 1.514354585600e+10 8.711378173828e+02 8.711378173828e+02 8.711378173828e+02 4.240192768000e+09 0.000000000000e+00 0.000000000000e+00 4.088757248000e+09 6.814595584000e+09 0.000000000000e+00 0.000000000000e+00
188.000000 1.722300825600e+10 8.766687622070e+02 8.766687622070e+02 8.766687622070e+02 5.166902272000e+09 0.000000000000e+00 0.000000000000e+00 4.477982208000e+09 7.578123264000e+09 0.000000000000e+00 0.000000000000e+00
190.000000 1.958959718400e+10 8.819177856445e+02 8.819177856445e+02 8.819177856445e+02 6.268670976000e+09 0.000000000000e+00 0.000000000000e+00 4.897399296000e+09 8.423526400000e+09 0.000000000000e+00 0.000000000000e+00
192.000000 2.228372070400e+10 8.868994140625e+02 8.868994140625e+02 8.868994140625e+02 7.353627648000e+09 0.000000000000e+00 0.000000000000e+00 5.348092928000e+09 9.581999104000e+09 0.000000000000e+00 0.000000000000e+00
194.000000 2.535198105600e+10 8.916274414062e+02 8.916274414062e+02 8.916274414062e+02 8.873193472000e+09 0.000000000000e+00 0.000000000000e+00 5.830955520000e+09 1.064783155200e+10 0.000000000000e+00 0.000000000000e+00
196.000000 2.884776140800e+10 8.961148681641e+02 8.961148681641e+02 8.961148681641e+02 1.067367116800e+10 0.000000000000e+00 0.000000000000e+00 6.346507264000e+09 1.182758195200e+10 0.000000000000e+00 0.000000000000e+00
198.000000 3.283274342400e+10 9.003740844727e+02 9.003740844727e+02 9.003740844727e+02 1.247644262400e+10 0.000000000000e+00 0.000000000000e+00 6.894875648000e+09 1.346142412800e+10 0.000000000000e+00 0.000000000000e+00
200.000000 3.730851840000e+10 9.044168090820e+02 9.044168090820e+02 9.044168090820e+02 1.492340736000e+10 0.000000000000e+00 0.000000000000e+00 7.461703680000e+09 1.492340736000e+10 0.000000000000e+00 0.000000000000e+00
202.000000 4.224821657600e+10 9.082542114258e+02 9.082542114258e+02 9.082542114258e+02 1.732176896000e+10 0.000000000000e+00 0.000000000000e+00 8.449643520000e+09 1.647680512000e+10 0.000000000000e+00 0.000000000000e+00
204.000000 4.767836979200e+10 9.118967895508e+02 9.118967895508e+02 9.118967895508e+02 2.002491596800e+10 0.000000000000e+00 0.000000000000e+00 9.058890752000e+09 1.811778150400e+10 0.000000000000e+00 0.000000000000e+00
206.000000 5.362413977600e+10 9.153546142578e+02 9.153546142578e+02 9.153546142578e+02 2.359462297600e+10 0.000000000000e+00 0.000000000000e+00 1.018858700800e+10 2.037717401600e+10 0.000000000000e+00 0.000000000000e+00
208.000000 6.010884505600e+10 9.186370849609e+02 9.186370849609e+02 9.186370849609e+02 2.704898048000e+10 0.000000000000e+00 0.000000000000e+00 1.081959219200e+10 2.224027238400e+10 0.000000000000e+00 0.000000000000e+00
210.000000 6.715354726400e+10 9.217532348633e+02 9.217532348633e+02 9.217532348633e+02 3.089063321600e+10 0.000000000000e+00 0.000000000000e+00 1.208763904000e+10 2.417527808000e+10 0.000000000000e+00 0.000000000000e+00
212.000000 7.477655142400e+10 9.247115478516e+02 9.247115478516e+02 9.247115478516e+02 3.514497843200e+10 0.000000000000e+00 0.000000000000e+00 1.345977958400e+10 2.617179340800e+10 0.000000000000e+00 0.000000000000e+00
214.000000 8.299286528000e+10 9.275201416016e+02 9.275201416016e+02 9.275201416016e+02 3.983657369600e+10 0.000000000000e+00 0.000000000000e+00 1.410878668800e+10 2.821757337600e+10 0.000000000000e+00 0.000000000000e+00
216.000000 9.181389619200e+10 9.301867065430e+02 9.301867065430e+02 9.301867065430e+02 4.590694809600e+10 0.000000000000e+00 0.000000000000e+00 1.560836198400e+10 3.121672396800e+10 0.000000000000e+00 0.000000000000e+00
218.000000 1.012469268480e+11 9.327184448242e+02 9.327184448242e+02 9.327184448242e+02 5.163593318400e+10 0.000000000000e+00 0.000000000000e+00 1.619950796800e+10 3.341148569600e+10 0.000000000000e+00 0.000000000000e+00
220.000000 1.112947179520e+11 9.351222534180e+02 9.351222534180e+02 9.351222534180e+02 5.787325235200e+10 0.000000000000e+00 0.000000000000e+00 1.780715520000e+10 3.561431040000e+10 0.000000000000e+00 0.000000000000e+00
222.000000 1.219550904320e+11 9.374046630859e+02 9.374046630859e+02 9.374046630859e+02 6.463619481600e+10 0.000000000000e+00 0.000000000000e+00 1.951281356800e+10 3.780607590400e+10 0.000000000000e+00 0.000000000000e+00
224.000000 1.332206632960e+11 9.395719604492e+02 9.395719604492e+02 9.395719604492e+02 7.193915392000e+10 0.000000000000e+00 0.000000000000e+00 1.998309785600e+10 3.996619571200e+10 0.000000000000e+00 0.000000000000e+00
226.000000 1.450784686080e+11 9.416298828125e+02 9.416298828125e+02 9.416298828125e+02 8.124393881600e+10 0.000000000000e+00 0.000000000000e+00 2.176176947200e+10 4.352353894400e+10 0.000000000000e+00 0.000000000000e+00
228.000000 1.575099432960e+11 9.435841064453e+02 9.435841064453e+02 9.435841064453e+02 8.978066636800e+10 0.000000000000e+00 0.000000000000e+00 2.205139148800e+10 4.567788339200e+10 0.000000000000e+00 0.000000000000e+00
230.000000 1.704904949760e+11 9.454398803711e+02 9.454398803711e+02 9.454398803711e+02 9.888448512000e+10 0.000000000000e+00 0.000000000000e+00 2.386866995200e+10 4.773733990400e+10 0.000000000000e+00 0.000000000000e+00
232.000000 1.839896985600e+11 9.472022094727e+02 9.472022094727e+02 9.472022094727e+02 1.085539205120e+11 0.000000000000e+00 0.000000000000e+00 2.575855820800e+10 4.967721779200e+10 0.000000000000e+00 0.000000000000e+00
234.000000 1.979712143360e+11 9.488759155273e+02 9.488759155273e+02 9.488759155273e+02 1.187827302400e+11 0.000000000000e+00 0.000000000000e+00 2.573625753600e+10 5.147251507200e+10 0.000000000000e+00 0.000000000000e+00
236.000000 2.123928698880e+11 9.504653930664e+02 9.504653930664e+02 9.504653930664e+02 1.316835819520e+11 0.000000000000e+00 0.000000000000e+00 2.761107251200e+10 5.522214502400e+10 0.000000000000e+00 0.000000000000e+00
238.000000 2.272067584000e+11 9.519750366211e+02 9.519750366211e+02 9.519750366211e+02 1.431402577920e+11 0.000000000000e+00 0.000000000000e+00 2.726481100800e+10 5.680168960000e+10 0.000000000000e+00 0.000000000000e+00
240.000000 2.423599104000e+11 9.534088745117e+02 9.534088745117e+02 9.534088745117e+02 1.551103426560e+11 0.000000000000e+00 0.000000000000e+00 2.908318924800e+10 5.816637849600e+10 0.000000000000e+00 0.000000000000e+00
242.000000 2.577940643840e+11 9.547706909180e+02 9.547706909180e+02 9.547706909180e+02 1.675661475840e+11 0.000000000000e+00 0.000000000000e+00 3.093528985600e+10 5.929263513600e+10 0.000000000000e+00 0.000000000000e+00
244.000000 2.734467317760e+11 9.560642089844e+02 9.560642089844e+02 9.560642089844e+02 1.804748390400e+11 0.000000000000e+00 0.000000000000e+00 3.007913984000e+10 6.015827968000e+10 0.000000000000e+00 0.000000000000e+00
246.000000 2.892512624640e+11 9.572929077148e+02 9.572929077148e+02 9.572929077148e+02 1.966908538880e+11 0.000000000000e+00 0.000000000000e+00 3.181763788800e+10 6.363527577600e+10 0.000000000000e+00 0.000000000000e+00
248.000000 3.051377459200e+11 9.584599609375e+02 9.584599609375e+02 9.584599609375e+02 2.105450332160e+11 0.000000000000e+00 0.000000000000e+00 3.051377459200e+10 6.407892582400e+10 0.000000000000e+00 0.000000000000e+00
250.000000 3.210335354880e+11 9.595686035156e+02 9.595686035156e+02 9.595686035156e+02 2.247234682880e+11 0.000000000000e+00 0.000000000000e+00 3.210335232000e+10 6.420670464000e+10 0.000000000000e+00 0.000000000000e+00
252.000000 3.368641167360e+11 9.606217651367e+02 9.606217651367e+02 9.606217651367e+02 2.391735336960e+11 0.000000000000e+00 0.000000000000e+00 3.368641331200e+10 6.400418611200e+10 0.000000000000e+00 0.000000000000e+00
254.000000 3.525538938880e+11 9.616222534180e+02 9.616222534180e+02 9.616222534180e+02 2.538387865600e+11 0.000000000000e+00 0.000000000000e+00 3.172984832000e+10 6.345969664000e+10 0.000000000000e+00 0.000000000000e+00
256.000000 3.680267468800e+11 9.625727539062e+02 9.625727539062e+02 9.625727539062e+02 2.723397959680e+11 0.000000000000e+00 0.000000000000e+00 3.312240844800e+10 6.624481689600e+10 0.000000000000e+00 0.000000000000e+00
258.000000 3.832072765440e+11 9.634757080078e+02 9.634757080078e+02 9.634757080078e+02 2.874054410240e+11 0.000000000000e+00 0.000000000000e+00 3.065658163200e+10 6.514523750400e+10 0.000000000000e+00 0.000000000000e+00
260.000000 3.980213944320e+11 9.643336181641e+02 9.643336181641e+02 9.643336181641e+02 3.024962519040e+11 0.000000000000e+00 0.000000000000e+00 3.184171212800e+10 6.368342425600e+10 0.000000000000e+00 0.000000000000e+00
262.000000 4.123971747840e+11 9.651486816406e+02 9.651486816406e+02 9.651486816406e+02 3.175458406400e+11 0.000000000000e+00 0.000000000000e+00 3.299177472000e+10 6.185957785600e+10 0.000000000000e+00 0.000000000000e+00
264.000000 4.262659031040e+11 9.659231567383e+02 9.659231567383e+02 9.659231567383e+02 3.324873932800e+11 0.000000000000e+00 0.000000000000e+00 2.983861452800e+10 5.967722905600e+10 0.000000000000e+00 0.000000000000e+00
266.000000 4.395626004480e+11 9.666589355469e+02 9.666589355469e+02 9.666589355469e+02 3.516500869120e+11 0.000000000000e+00 0.000000000000e+00 3.076938137600e+10 6.153876275200e+10 0.000000000000e+00 0.000000000000e+00
268.000000 4.522270064640e+11 9.673581542969e+02 9.673581542969e+02 9.673581542969e+02 3.663038709760e+11 0.000000000000e+00 0.000000000000e+00 2.713362022400e+10 5.878951116800e+10 0.000000000000e+00 0.000000000000e+00
270.000000 4.642042347520e+11 9.680225219727e+02 9.680225219727e+02 9.680225219727e+02 3.806474731520e+11 0.000000000000e+00 0.000000000000e+00 2.785225523200e+10 5.570451046400e+10 0.000000000000e+00 0.000000000000e+00
272.000000 4.754452971520e+11 9.686538085938e+02 9.686538085938e+02 9.686538085938e+02 3.946195845120e+11 0.000000000000e+00 0.000000000000e+00 2.852671897600e+10 5.229898137600e+10 0.000000000000e+00 0.000000000000e+00
274.000000 4.859079557120e+11 9.692537231445e+02 9.692537231445e+02 9.692537231445e+02 4.081626972160e+11 0.000000000000e+00 0.000000000000e+00 2.429539942400e+10 5.344987545600e+10 0.000000000000e+00 0.000000000000e+00
276.000000 4.955568865280e+11 9.698238525391e+02 9.698238525391e+02 9.698238525391e+02 4.212233338880e+11 0.000000000000e+00 0.000000000000e+00 2.477784268800e+10 4.955568537600e+10 0.000000000000e+00 0.000000000000e+00
278.000000 5.043643023360e+11 9.703656616211e+02 9.703656616211e+02 9.703656616211e+02 4.337532928000e+11 0.000000000000e+00 0.000000000000e+00 2.521821388800e+10 5.043642777600e+10 0.000000000000e+00 0.000000000000e+00
280.000000 5.123105751040e+11 9.708805541992e+02 9.708805541992e+02 9.708805541992e+02 4.457102049280e+11 0.000000000000e+00 0.000000000000e+00 2.049242316800e+10 4.610795110400e+10 0.000000000000e+00 0.000000000000e+00
282.000000 5.193839083520e+11 9.713698730469e+02 9.713698730469e+02 9.713698730469e+02 4.570578288640e+11 0.000000000000e+00 0.000000000000e+00 2.077535641600e+10 4.155071283200e+10 0.000000000000e+00 0.000000000000e+00
284.000000 5.255810252800e+11 9.718349609375e+02 9.718349609375e+02 9.718349609375e+02 4.677670993920e+11 0.000000000000e+00 0.000000000000e+00 2.102324019200e+10 4.204648038400e+10 0.000000000000e+00 0.000000000000e+00
286.000000 5.309073326080e+11 9.722769775391e+02 9.722769775391e+02 9.722769775391e+02 4.725075476480e+11 0.000000000000e+00 0.000000000000e+00 1.592722022400e+10 3.716351590400e+10 0.000000000000e+00 0.000000000000e+00
288.000000 5.353768222720e+11 9.726971435547e+02 9.726971435547e+02 9.726971435547e+02 4.818391531520e+11 0.000000000000e+00 0.000000000000e+00 1.606130483200e+10 3.747638067200e+10 0.000000000000e+00 0.000000000000e+00
290.000000 5.390126612480e+11 9.730964965820e+02 9.730964965820e+02 9.730964965820e+02 4.905015050240e+11 0.000000000000e+00 0.000000000000e+00 1.617037926400e+10 3.234075852800e+10 0.000000000000e+00 0.000000000000e+00
292.000000 5.418472570880e+11 9.734761352539e+02 9.734761352539e+02 9.734761352539e+02 4.984994529280e+11 0.000000000000e+00 0.000000000000e+00 1.083694489600e+10 2.709236121600e+10 0.000000000000e+00 0.000000000000e+00
294.000000 5.439229788160e+11 9.738369750977e+02 9.738369750977e+02 9.738369750977e+02 5.058483978240e+11 0.000000000000e+00 0.000000000000e+00 1.087845990400e+10 2.719614976000e+10 0.000000000000e+00 0.000000000000e+00
296.000000 5.452936642560e+11 9.741799316406e+02 9.741799316406e+02 9.741799316406e+02 5.125760614400e+11 0.000000000000e+00 0.000000000000e+00 1.090587340800e+10 2.181174681600e+10 0.000000000000e+00 0.000000000000e+00
298.000000 5.460277657600e+11 9.745060424805e+02 9.745060424805e+02 9.745060424805e+02 5.187263856640e+11 0.000000000000e+00 0.000000000000e+00 5.460277760000e+09 2.184111104000e+10 0.000000000000e+00 0.000000000000e+00
300.000000 5.462833561600e+11 9.748159790039e+02 9.748159790039e+02 9.752987060547e+02 5.244320481280e+11 0.000000000000e+00 0.000000000000e+00 5.462833664000e+09 1.638850150400e+10 0.000000000000e+00 0.000000000000e+00
302.000000 5.469095526400e+11 9.751107177734e+02 9.751107177734e+02 9.767048339844e+02 4.880838819840e+11 4.652237619200e+10 1.109993984000e+09 0.000000000000e+00 0.000000000000e+00 1.119328460800e+10 0.000000000000e+00
304.000000 5.473121402880e+11 9.753908691406e+02 9.753908691406e+02 9.778131103516e+02 4.875529748480e+11 4.722891571200e+10 1.139466496000e+09 0.000000000000e+00 0.000000000000e+00 1.139078758400e+10 0.000000000000e+00
306.000000 5.474937733120e+11 9.756572265625e+02 9.756572265625e+02 9.786555786133e+02 4.868192665600e+11 4.792431820800e+10 1.169136000000e+09 0.000000000000e+00 0.000000000000e+00 1.158109491200e+10 0.000000000000e+00
308.000000 5.474582855680e+11 9.759104614258e+02 9.759104614258e+02 9.792761230469e+02 4.858873446400e+11 4.860815769600e+10 1.198986496000e+09 0.000000000000e+00 0.000000000000e+00 1.176382566400e+10 0.000000000000e+00
310.000000 5.472060047360e+11 9.761512451172e+02 9.761512451172e+02 9.797218627930e+02 4.847587819520e+11 4.927969280000e+10 1.228993792000e+09 0.000000000000e+00 0.000000000000e+00 1.193852723200e+10 0.000000000000e+00
312.000000 5.467445002240e+11 9.763801879883e+02 9.763801879883e+02 9.800362548828e+02 4.834416394240e+11 4.993884160000e+10 1.259147904000e+09 0.000000000000e+00 0.000000000000e+00 1.210493542400e+10 0.000000000000e+00
314.000000 5.460755415040e+11 9.765979003906e+02 9.765979003906e+02 9.802548828125e+02 4.819385057280e+11 5.058497331200e+10 1.289428352000e+09 0.000000000000e+00 0.000000000000e+00 1.226265292800e+10 0.000000000000e+00
316.000000 5.452045680640e+11 9.768048706055e+02 9.768048706055e+02 9.804052124023e+02 4.802555412480e+11 5.121779712000e+10 1.319820672000e+09 0.000000000000e+00 0.000000000000e+00 1.241139814400e+10 0.000000000000e+00
318.000000 5.441333821440e+11 9.770017089844e+02 9.770017089844e+02 9.805084228516e+02 4.783954984960e+11 5.183674368000e+10 1.350300416000e+09 0.000000000000e+00 0.000000000000e+00 1.255081984000e+10 0.000000000000e+00
320.000000 5.428690944000e+11 9.771889038086e+02 9.771889038086e+02 9.805787353516e+02 4.763658158080e+11 5.244170649600e+10 1.380856320000e+09 0.000000000000e+00 0.000000000000e+00 1.268070502400e+10 0.000000000000e+00
322.000000 5.414165872640e+11 9.773668823242e+02 9.773668823242e+02 9.806267089844e+02 4.738910453760e+11 5.325391462400e+10 1.417368704000e+09 0.000000000000e+00 0.000000000000e+00 1.285429043200e+10 0.000000000000e+00
324.000000 5.397790720000e+11 9.775361938477e+02 9.775361938477e+02 9.806596069336e+02 4.712488632320e+11 5.405704192000e+10 1.454196992000e+09 0.000000000000e+00 0.000000000000e+00 1.301896806400e+10 0.000000000000e+00
326.000000 5.379628728320e+11 9.776972045898e+02 9.776972045898e+02 9.806822509766e+02 4.684463144960e+11 5.485078118400e+10 1.491331840000e+09 0.000000000000e+00 0.000000000000e+00 1.317445222400e+10 0.000000000000e+00
328.000000 5.359703162880e+11 9.778502807617e+02 9.778502807617e+02 9.806982421875e+02 4.654868070400e+11 5.563439104000e+10 1.528748032000e+09 0.000000000000e+00 0.000000000000e+00 1.332037222400e+10 0.000000000000e+00
330.000000 5.338116259840e+11 9.779959106445e+02 9.779959106445e+02 9.807092285156e+02 4.623805972480e+11 5.640798617600e+10 1.566443776000e+09 0.000000000000e+00 0.000000000000e+00 1.345657856000e+10 0.000000000000e+00
332.000000 5.314900459520e+11 9.781343994141e+02 9.781343994141e+02 9.807172241211e+02 4.591319121920e+11 5.717098086400e+10 1.604397056000e+09 0.000000000000e+00 0.000000000000e+00 1.358276915200e+10 0.000000000000e+00
334.000000 5.290110812160e+11 9.782661132812e+02 9.782661132812e+02 9.807232666016e+02 4.557468139520e+11 5.792294912000e+10 1.642592256000e+09 0.000000000000e+00 0.000000000000e+00 1.369872691200e+10 0.000000000000e+00
336.000000 5.263814819840e+11 9.783914184570e+02 9.783914184570e+02 9.807276000977e+02 4.522324459520e+11 5.866375987200e+10 1.681015680000e+09 0.000000000000e+00 0.000000000000e+00 1.380427878400e+10 0.000000000000e+00
338.000000 5.236035092480e+11 9.785106201172e+02 9.785106201172e+02 9.807312011719e+02 4.485920522240e+11 5.939268812800e+10 1.719644032000e+09 0.000000000000e+00 0.000000000000e+00 1.389916774400e+10 0.000000000000e+00
340.000000 5.206874521600e+11 9.786239624023e+02 9.786239624023e+02 9.807342529297e+02 4.448356597760e+11 6.010994688000e+10 1.758473984000e+09 0.000000000000e+00 0.000000000000e+00 1.398337126400e+10 0.000000000000e+00
342.000000 5.176375377920e+11 9.787318115234e+02 9.787318115234e+02 9.807368164062e+02 4.409682493440e+11 6.081507328000e+10 1.797486336000e+09 0.000000000000e+00 0.000000000000e+00 1.405673676800e+10 0.000000000000e+00
344.000000 5.144602542080e+11 9.788344116211e+02 9.788344116211e+02 9.807390747070e+02 4.369964072960e+11 6.150795264000e+10 1.836667904000e+09 0.000000000000e+00 0.000000000000e+00 1.411918950400e+10 0.000000000000e+00
346.000000 5.111595008000e+11 9.789320068359e+02 9.789320068359e+02 9.807409667969e+02 4.329247866880e+11 6.218809753600e+10 1.875997440000e+09 0.000000000000e+00 0.000000000000e+00 1.417061888000e+10 0.000000000000e+00
348.000000 5.077424537600e+11 9.790248413086e+02 9.790248413086e+02 9.807429809570e+02 4.287605309440e+11 6.285545881600e+10 1.915463552000e+09 0.000000000000e+00 0.000000000000e+00 1.421102387200e+10 0.000000000000e+00
350.000000 5.042163548160e+11 9.791131591797e+02 9.791131591797e+02 9.807448120117e+02 4.245108162560e+11 6.351005286400e+10 1.955060096000e+09 0.000000000000e+00 0.000000000000e+00 1.424044134400e+10 0.000000000000e+00
352.000000 5.005852672000e+11 9.791972045898e+02 9.791972045898e+02 9.807467041016e+02 4.201801973760e+11 6.415146598400e+10 1.994764416000e+09 0.000000000000e+00 0.000000000000e+00 1.425883955200e+10 0.000000000000e+00
354.000000 4.968555151360e+11 9.792771606445e+02 9.792771606445e+02 9.807484130859e+02 4.157749657600e+11 6.477969817600e+10 2.034565248000e+09 0.000000000000e+00 0.000000000000e+00 1.426627379200e+10 0.000000000000e+00
356.000000 4.930329968640e+11 9.793532104492e+02 9.793532104492e+02 9.807503051758e+02 4.113011179520e+11 6.539463065600e+10 2.074450304000e+09 0.000000000000e+00 0.000000000000e+00 1.426282598400e+10 0.000000000000e+00
358.000000 4.891236761600e+11 9.794255981445e+02 9.794255981445e+02 9.807520751953e+02 4.067644866560e+11 6.599619788800e+10 2.114406656000e+09 0.000000000000e+00 0.000000000000e+00 1.424859238400e+10 0.000000000000e+00
360.000000 4.851330252800e+11 9.794945068359e+02 9.794945068359e+02 9.807536621094e+02 4.021705768960e+11 6.658429747200e+10 2.154419712000e+09 0.000000000000e+00 0.000000000000e+00 1.422369177600e+10 0.000000000000e+00
362.000000 4.810670735360e+11 9.795599975586e+02 9.795599975586e+02 9.807554321289e+02 3.975252869120e+11 6.715898675200e+10 2.194483968000e+09 0.000000000000e+00 0.000000000000e+00 1.418827878400e+10 0.000000000000e+00
364.000000 4.769309982720e+11 9.796223754883e+02 9.796223754883e+02 9.807569580078e+02 3.928337940480e+11 6.772015104000e+10 2.234582272000e+09 0.000000000000e+00 0.000000000000e+00 1.414250905600e+10 0.000000000000e+00
366.000000 4.727309598720e+11 9.796817016602e+02 9.796817016602e+02 9.807587280273e+02 3.881243443200e+11 6.827186995200e+10 2.274841088000e+09 0.000000000000e+00 0.000000000000e+00 1.405994393600e+10 0.000000000000e+00
368.000000 4.684689244160e+11 9.797381591797e+02 9.797381591797e+02 9.807604980469e+02 3.833821265920e+11 6.881081753600e+10 2.315139328000e+09 0.000000000000e+00 0.000000000000e+00 1.396086579200e+10 0.000000000000e+00
370.000000 4.641549844480e+11 9.797919311523e+02 9.797919311523e+02 9.807620849609e+02 3.786045521920e+11 6.933565440000e+10 2.355422464000e+09 0.000000000000e+00 0.000000000000e+00 1.385934745600e+10 0.000000000000e+00
372.000000 4.597908111360e+11 9.798430786133e+02 9.798430786133e+02 9.807638549805e+02 3.737939148800e+11 6.984585216000e+10 2.395659264000e+09 0.000000000000e+00 0.000000000000e+00 1.375543193600e+10 0.000000000000e+00
374.000000 4.553836789760e+11 9.798917236328e+02 9.798917236328e+02 9.807653198242e+02 3.689566044160e+11 7.034186137600e+10 2.435852800000e+09 0.000000000000e+00 0.000000000000e+00 1.364932710400e+10 0.000000000000e+00
376.000000 4.509354885120e+11 9.799380493164e+02 9.799380493164e+02 9.807670898438e+02 3.640952094720e+11 7.082319872000e+10 2.475973888000e+09 0.000000000000e+00 0.000000000000e+00 1.354108108800e+10 0.000000000000e+00
378.000000 4.464531537920e+11 9.799821166992e+02 9.799821166992e+02 9.807688598633e+02 3.592159559680e+11 7.129026560000e+10 2.516022784000e+09 0.000000000000e+00 0.000000000000e+00 1.343089971200e+10 0.000000000000e+00
380.000000 4.419419504640e+11 9.800241088867e+02 9.800241088867e+02 9.807703857422e+02 3.543237918720e+11 7.174325862400e+10 2.555993088000e+09 0.000000000000e+00 0.000000000000e+00 1.331894169600e+10 0.000000000000e+00
382.000000 4.374050570240e+11 9.800640258789e+02 9.800640258789e+02 9.807722167969e+02 3.494218956800e+11 7.218202214400e+10 2.595865600000e+09 0.000000000000e+00 0.000000000000e+00 1.320529305600e+10 0.000000000000e+00
384.000000 4.328457830400e+11 9.801020507812e+02 9.801020507812e+02 9.807736816406e+02 3.445135769600e+11 7.260650700800e+10 2.635627264000e+09 0.000000000000e+00 0.000000000000e+00 1.309005721600e+10 0.000000000000e+00
386.000000 4.282708131840e+11 9.801382446289e+02 9.801382446289e+02 9.807754516602e+02 3.396048650240e+11 7.301724569600e+10 2.675282688000e+09 0.000000000000e+00 0.000000000000e+00 1.297343692800e+10 0.000000000000e+00
388.000000 4.236809338880e+11 9.801726684570e+02 9.801726684570e+02 9.807772827148e+02 3.346969067520e+11 7.341377945600e+10 2.714801920000e+09 0.000000000000e+00 0.000000000000e+00 1.285545472000e+10 0.000000000000e+00
390.000000 4.190829936640e+11 9.802054443359e+02 9.802054443359e+02 9.807788085938e+02 3.298864005120e+11 7.381698969600e+10 2.754952448000e+09 0.000000000000e+00 0.000000000000e+00 1.262463590400e+10 0.000000000000e+00
392.000000 4.144797450240e+11 9.802366333008e+02 9.802366333008e+02 9.807806396484e+02 3.251430031360e+11 7.422065049600e+10 2.795501312000e+09 0.000000000000e+00 0.000000000000e+00 1.232056934400e+10 0.000000000000e+00
394.000000 4.098738421760e+11 9.802663574219e+02 9.802663574219e+02 9.807821655273e+02 3.204064215040e+11 7.461086003200e+10 2.835923968000e+09 0.000000000000e+00 0.000000000000e+00 1.202063872000e+10 0.000000000000e+00
396.000000 4.052692500480e+11 9.802946777344e+02 9.802946777344e+02 9.807839355469e+02 3.156802273280e+11 7.498782310400e+10 2.876216832000e+09 0.000000000000e+00 0.000000000000e+00 1.172496793600e+10 0.000000000000e+00
398.000000 4.006712442880e+11 9.803215942383e+02 9.803215942383e+02 9.807860107422e+02 3.109690736640e+11 7.535204761600e+10 2.916384768000e+09 0.000000000000e+00 0.000000000000e+00 1.143371878400e+10 0.000000000000e+00
400.000000 3.960807424000e+11 9.803472290039e+02 9.803472290039e+02 9.807875976562e+02 3.062741401600e+11 7.570327961600e+10 2.956405248000e+09 0.000000000000e+00 0.000000000000e+00 1.114691481600e+10 0.000000000000e+00
402.000000 3.915014799360e+11 9.803716430664e+02 9.803716430664e+02 9.807897338867e+02 3.015987363840e+11 7.604183040000e+10 2.996275712000e+09 0.000000000000e+00 0.000000000000e+00 1.086465536000e+10 0.000000000000e+00
404.000000 3.869363077120e+11 9.803948974609e+02 9.803948974609e+02 9.807913208008e+02 2.969454837760e+11 7.636782284800e+10 3.035987456000e+09 0.000000000000e+00 0.000000000000e+00 1.058701004800e+10 0.000000000000e+00
406.000000 3.823866019840e+11 9.804169921875e+02 9.804169921875e+02 9.807929077148e+02 2.923158896640e+11 7.668119142400e+10 3.075523328000e+09 0.000000000000e+00 0.000000000000e+00 1.031400140800e+10 0.000000000000e+00
408.000000 3.778569502720e+11 9.804381103516e+02 9.804381103516e+02 9.807949829102e+02 2.877138862080e+11 7.698244403200e+10 3.114895872000e+09 0.000000000000e+00 0.000000000000e+00 1.004573388800e+10 0.000000000000e+00
410.000000 3.733495480320e+11 9.804581298828e+02 9.805700073242e+02 9.807963256836e+02 2.831414067200e+11 7.727181824000e+10 3.154095360000e+09 0.000000000000e+00 0.000000000000e+00 9.782244352000e+09 0.000000000000e+00
412.000000 3.688665579520e+11 9.804772338867e+02 9.812835693359e+02 9.812835693359e+02 2.786004500480e+11 7.754939596800e+10 3.193115904000e+09 0.000000000000e+00 0.000000000000e+00 9.523558400000e+09 0.000000000000e+00
414.000000 3.644085698560e+11 9.804954223633e+02 9.819915161133e+02 9.819915161133e+02 2.740919009280e+11 7.781506252800e+10 3.231936512000e+09 0.000000000000e+00 0.000000000000e+00 9.269662720000e+09 0.000000000000e+00
416.000000 3.599803023360e+11 9.805127563477e+02 9.826912231445e+02 9.826912231445e+02 2.696195440640e+11 7.806957158400e+10 3.270576640000e+09 0.000000000000e+00 0.000000000000e+00 9.020641280000e+09 0.000000000000e+00
418.000000 3.555826073600e+11 9.805292968750e+02 9.833790893555e+02 9.833790893555e+02 2.651842641920e+11 7.831286579200e+10 3.309020160000e+09 0.000000000000e+00 0.000000000000e+00 8.776475648000e+09 0.000000000000e+00
420.000000 3.512168284160e+11 9.805449829102e+02 9.840504150391e+02 9.840504150391e+02 2.607873556480e+11 7.854506803200e+10 3.347261184000e+09 0.000000000000e+00 0.000000000000e+00 8.537159168000e+09 0.000000000000e+00
422.000000 3.468851609600e+11 9.805599365234e+02 9.846988525391e+02 9.846988525391e+02 2.564306862080e+11 7.876648960000e+10 3.385300736000e+09 0.000000000000e+00 0.000000000000e+00 8.302698496000e+09 0.000000000000e+00
424.000000 3.425893089280e+11 9.805742187500e+02 9.853170166016e+02 9.853170166016e+02 2.521157468160e+11 7.897735168000e+10 3.423133184000e+09 0.000000000000e+00 0.000000000000e+00 8.073089024000e+09 0.000000000000e+00
426.000000 3.383296327680e+11 9.805877685547e+02 9.858967285156e+02 9.858967285156e+02 2.478429962240e+11 7.917760512000e+10 3.460745472000e+09 0.000000000000e+00 0.000000000000e+00 7.848287232000e+09 0.000000000000e+00
428.000000 3.341095075840e+11 9.806007080078e+02 9.864302978516e+02 9.864302978516e+02 2.436151377920e+11 7.936790528000e+10 3.498153984000e+09 0.000000000000e+00 0.000000000000e+00 7.628323840000e+09 0.000000000000e+00
430.000000 3.299283763200e+11 9.806130371094e+02 9.869122924805e+02 9.869122924805e+02 2.394318110720e+11 7.954808832000e+10 3.535334400000e+09 0.000000000000e+00 0.000000000000e+00 7.413124608000e+09 0.000000000000e+00
432.000000 3.257889914880e+11 9.806247558594e+02 9.873405151367e+02 9.873405151367e+02 2.352952442880e+11 7.971873587200e+10 3.572305408000e+09 0.000000000000e+00 0.000000000000e+00 7.202697728000e+09 0.000000000000e+00
434.000000 3.216910581760e+11 9.806359252930e+02 9.877169799805e+02 9.877169799805e+02 2.312053391360e+11 7.987969228800e+10 3.609047552000e+09 0.000000000000e+00 0.000000000000e+00 6.996978176000e+09 0.000000000000e+00
436.000000 3.176364113920e+11 9.806465454102e+02 9.880474853516e+02 9.880474853516e+02 2.271634882560e+11 8.003139993600e+10 3.645568512000e+09 0.000000000000e+00 0.000000000000e+00 6.795945472000e+09 0.000000000000e+00
438.000000 3.136267223040e+11 9.806566772461e+02 9.883394775391e+02 9.883394775391e+02 2.231710023680e+11 8.017428480000e+10 3.681875456000e+09 0.000000000000e+00 0.000000000000e+00 6.599574016000e+09 0.000000000000e+00
440.000000 3.096612700160e+11 9.806663818359e+02 9.886011352539e+02 9.886011352539e+02 2.192273735680e+11 8.030813388800e+10 3.717945344000e+09 0.000000000000e+00 0.000000000000e+00 6.407781376000e+09 0.000000000000e+00
442.000000 3.057418567680e+11 9.806755371094e+02 9.888400268555e+02 9.888400268555e+02 2.153340272640e+11 8.043347148800e+10 3.753790976000e+09 0.000000000000e+00 0.000000000000e+00 6.220543488000e+09 0.000000000000e+00
444.000000 3.018680565760e+11 9.806843261719e+02 9.890621948242e+02 9.890621948242e+02 2.114906193920e+11 8.055024844800e+10 3.789402368000e+09 0.000000000000e+00 0.000000000000e+00 6.037784576000e+09 0.000000000000e+00
446.000000 2.980402298880e+11 9.806926879883e+02 9.892727050781e+02 9.892727050781e+02 2.076974612480e+11 8.065853849600e+10 3.824771328000e+09 0.000000000000e+00 0.000000000000e+00 5.859446272000e+09 0.000000000000e+00
448.000000 2.942600806400e+11 9.807006225586e+02 9.894748535156e+02 9.894748535156e+02 2.039557160960e+11 8.075894784000e+10 3.859912704000e+09 0.000000000000e+00 0.000000000000e+00 5.685494272000e+09 0.000000000000e+00
450.000000 2.905287557120e+11 9.807081909180e+02 9.896713867188e+02 9.896713867188e+02 2.002661867520e+11 8.085186969600e+10 3.894832896000e+09 0.000000000000e+00 0.000000000000e+00 5.515881984000e+09 0.000000000000e+00
452.000000 2.868441579520e+11 9.807153930664e+02 9.898641357422e+02 9.898641357422e+02 1.966273495040e+11 8.093680435200e+10 3.929500928000e+09 0.000000000000e+00 0.000000000000e+00 5.350497792000e+09 0.000000000000e+00
454.000000 2.832084500480e+11 9.807222900391e+02 9.900540771484e+02 9.900540771484e+02 1.930406789120e+11 8.101450547200e+10 3.963941888000e+09 0.000000000000e+00 0.000000000000e+00 5.189315584000e+09 0.000000000000e+00
456.000000 2.796223528960e+11 9.807288818359e+02 9.902423706055e+02 9.902423706055e+02 1.895066337280e+11 8.108530073600e+10 3.998159872000e+09 0.000000000000e+00 0.000000000000e+00 5.032279040000e+09 0.000000000000e+00
458.000000 2.760839659520e+11 9.807351074219e+02 9.904293823242e+02 9.904293823242e+02 1.860237721600e+11 8.114880512000e+10 4.032126976000e+09 0.000000000000e+00 0.000000000000e+00 4.879282176000e+09 0.000000000000e+00
460.000000 2.725944852480e+11 9.807410278320e+02 9.906156616211e+02 9.906156616211e+02 1.825928642560e+11 8.120546918400e+10 4.065857024000e+09 0.000000000000e+00 0.000000000000e+00 4.730275328000e+09 0.000000000000e+00
462.000000 2.691546808320e+11 9.807467041016e+02 9.908013305664e+02 9.908013305664e+02 1.792143687680e+11 8.125575987200e+10 4.099359488000e+09 0.000000000000e+00 0.000000000000e+00 4.585202688000e+09 0.000000000000e+00
464.000000 2.657629306880e+11 9.807521362305e+02 9.909866333008e+02 9.909866333008e+02 1.758870241280e+11 8.129932492800e+10 4.132612608000e+09 0.000000000000e+00 0.000000000000e+00 4.443965440000e+09 0.000000000000e+00
466.000000 2.624198410240e+11 9.807572631836e+02 9.911715087891e+02 9.911715087891e+02 1.726111252480e+11 8.133658214400e+10 4.165622528000e+09 0.000000000000e+00 0.000000000000e+00 4.306505216000e+09 0.000000000000e+00
468.000000 2.591265259520e+11 9.807622070312e+02 9.913563232422e+02 9.913563232422e+02 1.693872783360e+11 8.136808038400e+10 4.198406400000e+09 0.000000000000e+00 0.000000000000e+00 4.172767488000e+09 0.000000000000e+00
470.000000 2.558823628800e+11 9.807668457031e+02 9.915407714844e+02 9.915407714844e+02 1.662149099520e+11 8.139380326400e+10 4.230961408000e+09 0.000000000000e+00 0.000000000000e+00 4.042674432000e+09 0.000000000000e+00
472.000000 2.526864506880e+11 9.807713012695e+02 9.917250366211e+02 9.917250366211e+02 1.630932992000e+11 8.141373440000e+10 4.263271424000e+09 0.000000000000e+00 0.000000000000e+00 3.916139520000e+09 0.000000000000e+00
474.000000 2.495389859840e+11 9.807755737305e+02 9.919089965820e+02 9.919089965820e+02 1.600224133120e+11 8.142812774400e+10 4.295343616000e+09 0.000000000000e+00 0.000000000000e+00 3.793099520000e+09 0.000000000000e+00
476.000000 2.464403456000e+11 9.807796020508e+02 9.920924072266e+02 9.920924072266e+02 1.570022686720e+11 8.143740108800e+10 4.327190528000e+09 0.000000000000e+00 0.000000000000e+00 3.673489152000e+09 0.000000000000e+00
478.000000 2.433888256000e+11 9.807835083008e+02 9.922753906250e+02 9.922753906250e+02 1.540316364800e+11 8.144120217600e+10 4.358785536000e+09 0.000000000000e+00 0.000000000000e+00 3.557216000000e+09 0.000000000000e+00
480.000000 2.403855892480e+11 9.807871704102e+02 9.924574584961e+02 9.924574584961e+02 1.511110410240e+11 8.144016998400e+10 4.390153216000e+09 0.000000000000e+00 0.000000000000e+00 3.444228608000e+09 0.000000000000e+00
482.000000 2.374293749760e+11 9.807906494141e+02 9.926381835938e+02 9.926381835938e+02 1.482394664960e+11 8.143418982400e+10 4.421279744000e+09 0.000000000000e+00 0.000000000000e+00 3.334441472000e+09 0.000000000000e+00
484.000000 2.345206906880e+11 9.807940063477e+02 9.928171386719e+02 9.928171386719e+02 1.454170603520e+11 8.142363852800e+10 4.452179968000e+09 0.000000000000e+00 0.000000000000e+00 3.227797504000e+09 0.000000000000e+00
486.000000 2.316585861120e+11 9.807971801758e+02 9.929934082031e+02 9.929934082031e+02 1.426429870080e+11 8.140854067200e+10 4.482840576000e+09 0.000000000000e+00 0.000000000000e+00 3.124214784000e+09 0.000000000000e+00
488.000000 2.288419143680e+11 9.808002319336e+02 9.931658935547e+02 9.931658935547e+02 1.399162961920e+11 8.138874880000e+10 4.513251328000e+09 0.000000000000e+00 0.000000000000e+00 3.023613952000e+09 0.000000000000e+00
490.000000 2.260707573760e+11 9.808031616211e+02 9.933330078125e+02 9.933330078125e+02 1.372368322560e+11 8.136457420800e+10 4.543418368000e+09 0.000000000000e+00 0.000000000000e+00 2.925933568000e+09 0.000000000000e+00
492.000000 2.233461964800e+11 9.808059082031e+02 9.934925537109e+02 9.934925537109e+02 1.346050129920e+11 8.133668044800e+10 4.573372928000e+09 0.000000000000e+00 0.000000000000e+00 2.831122944000e+09 0.000000000000e+00
494.000000 2.206663475200e+11 9.808085327148e+02 9.936422729492e+02 9.936422729492e+02 1.320194293760e+11 8.130471526400e+10 4.603086336000e+09 0.000000000000e+00 0.000000000000e+00 2.739095040000e+09 0.000000000000e+00
496.000000 2.180314562560e+11 9.808110351562e+02 9.937793579102e+02 9.937793579102e+02 1.294800158720e+11 8.126908006400e+10 4.632575488000e+09 0.000000000000e+00 0.000000000000e+00 2.649792256000e+09 0.000000000000e+00
498.000000 2.154405068800e+11 9.808134155273e+02 9.939010009766e+02 9.939010009766e+02 1.269858795520e+11 8.122966835200e+10 4.661826048000e+09 0.000000000000e+00 0.000000000000e+00 2.563139328000e+09 0.000000000000e+00
500.000000 2.128931389440e+11 9.808156738281e+02 9.940054931641e+02 9.940054931641e+02 1.245365288960e+11 8.118668492800e+10 4.690844672000e+09 0.000000000000e+00 0.000000000000e+00 2.479073536000e+09 0.000000000000e+00
502.000000 2.103889264640e+11 9.808178710938e+02 9.940917968750e+02 9.940917968750e+02 1.221315215360e+11 8.114025267200e+10 4.719632384000e+09 0.000000000000e+00 0.000000000000e+00 2.397531136000e+09 0.000000000000e+00
504.000000 2.079263129600e+11 9.808199462891e+02 9.941604614258e+02 9.941604614258e+02 1.197695795200e+11 8.109012582400e+10 4.748161536000e+09 0.000000000000e+00 0.000000000000e+00 2.318435072000e+09 0.000000000000e+00
506.000000 2.055066583040e+11 9.808218994141e+02 9.942131347656e+02 9.942131347656e+02 1.174512844800e+11 8.103714816000e+10 4.776481280000e+09 0.000000000000e+00 0.000000000000e+00 2.241745152000e+09 0.000000000000e+00
508.000000 2.031283404800e+11 9.808237915039e+02 9.942525024414e+02 9.942525024414e+02 1.151754158080e+11 8.098098380800e+10 4.804562432000e+09 0.000000000000e+00 0.000000000000e+00 2.167385600000e+09 0.000000000000e+00
510.000000 2.007916544000e+11 9.808256225586e+02 9.942813110352e+02 9.942813110352e+02 1.129418178560e+11 8.092209152000e+10 4.832424960000e+09 0.000000000000e+00 0.000000000000e+00 2.095304832000e+09 0.000000000000e+00
512.000000 1.984950108160e+11 9.808273315430e+02 9.943021240234e+02 9.943021240234e+02 1.107493765120e+11 8.086016000000e+10 4.860046848000e+09 0.000000000000e+00 0.000000000000e+00 2.025432576000e+09 0.000000000000e+00
514.000000 1.962384916480e+11 9.808289794922e+02 9.943168945312e+02 9.943168945312e+02 1.085977886720e+11 8.079553331200e+10 4.887442432000e+09 0.000000000000e+00 0.000000000000e+00 1.957715712000e+09 0.000000000000e+00
516.000000 1.940215070720e+11 9.808305053711e+02 9.943275756836e+02 9.943275756836e+02 1.064864727040e+11 8.072832614400e+10 4.914608640000e+09 0.000000000000e+00 0.000000000000e+00 1.892096128000e+09 0.000000000000e+00
518.000000 1.918429757440e+11 9.808320312500e+02 9.943353271484e+02 9.943353271484e+02 1.044145192960e+11 8.065839923200e+10 4.941536768000e+09 0.000000000000e+00 0.000000000000e+00 1.828511744000e+09 0.000000000000e+00
520.000000 1.897032744960e+11 9.808334350586e+02 9.943410034180e+02 9.943410034180e+02 1.023818874880e+11 8.058622771200e+10 4.968249344000e+09 0.000000000000e+00 0.000000000000e+00 1.766917376000e+09 0.000000000000e+00
522.000000 1.876007485440e+11 9.808347778320e+02 9.943453369141e+02 9.943453369141e+02 1.003873239040e+11 8.051146752000e+10 4.994714624000e+09 0.000000000000e+00 0.000000000000e+00 1.707246336000e+09 0.000000000000e+00
524.000000 1.855356108800e+11 9.808360595703e+02 9.943486328125e+02 9.943486328125e+02 9.843065651200e+10 8.043455283200e+10 5.020955648000e+09 0.000000000000e+00 0.000000000000e+00 1.649453312000e+09 0.000000000000e+00
526.000000 1.835069767680e+11 9.808372802734e+02 9.943513183594e+02 9.943513183594e+02 9.651114803200e+10 8.035539353600e+10 5.046964224000e+09 0.000000000000e+00 0.000000000000e+00 1.593482880000e+09 0.000000000000e+00
528.000000 1.815136993280e+11 9.808384399414e+02 9.943534545898e+02 9.943534545898e+02 9.462786457600e+10 8.027382579200e+10 5.072721920000e+09 0.000000000000e+00 0.000000000000e+00 1.539278976000e+09 0.000000000000e+00
530.000000 1.795564339200e+11 9.808395996094e+02 9.943552856445e+02 9.943552856445e+02 9.278087987200e+10 8.019047219200e+10 5.098263040000e+09 0.000000000000e+00 0.000000000000e+00 1.486801920000e+09 0.000000000000e+00
532.000000 1.776342958080e+11 9.808406372070e+02 9.943568725586e+02 9.943568725586e+02 9.096941568000e+10 8.010529996800e+10 5.123582464000e+09 0.000000000000e+00 0.000000000000e+00 1.436000256000e+09 0.000000000000e+00
534.000000 1.757469736960e+11 9.808416748047e+02 9.943582763672e+02 9.943582763672e+02 8.919300505600e+10 8.001844838400e+10 5.148680704000e+09 0.000000000000e+00 0.000000000000e+00 1.386827264000e+09 0.000000000000e+00
536.000000 1.738931896320e+11 9.808426513672e+02 9.943595581055e+02 9.943595581055e+02 8.745070592000e+10 7.992970444800e+10 5.173541888000e+09 0.000000000000e+00 0.000000000000e+00 1.339230336000e+09 0.000000000000e+00
538.000000 1.720729927680e+11 9.808435668945e+02 9.943606567383e+02 9.943606567383e+02 8.574223974400e+10 7.983939584000e+10 5.198182400000e+09 0.000000000000e+00 0.000000000000e+00 1.293169280000e+09 0.000000000000e+00
540.000000 1.702849576960e+11 9.808444213867e+02 9.943617553711e+02 9.943617553711e+02 8.406659072000e+10 7.974718668800e+10 5.222575616000e+09 0.000000000000e+00 0.000000000000e+00 1.248592000000e+09 0.000000000000e+00
542.000000 1.685290844160e+11 9.808452758789e+02 9.943625488281e+02 9.943625488281e+02 8.242346393600e+10 7.965342105600e+10 5.246737408000e+09 0.000000000000e+00 0.000000000000e+00 1.205459328000e+09 0.000000000000e+00
544.000000 1.668045209600e+11 9.808460693359e+02 9.943632812500e+02 9.943632812500e+02 8.081213030400e+10 7.955800883200e+10 5.270656000000e+09 0.000000000000e+00 0.000000000000e+00 1.163726592000e+09 0.000000000000e+00
546.000000 1.651119390720e+11 9.808468627930e+02 9.943640747070e+02 9.943640747070e+02 7.923263078400e+10 7.946156441600e+10 5.294372352000e+09 0.000000000000e+00 0.000000000000e+00 1.123360384000e+09 0.000000000000e+00
548.000000 1.634496839680e+11 9.808475952148e+02 9.943645629883e+02 9.943645629883e+02 7.768386764800e+10 7.936366182400e+10 5.317850112000e+09 0.000000000000e+00 0.000000000000e+00 1.084312704000e+09 0.000000000000e+00
550.000000 1.618181980160e+11 9.808482666016e+02 9.943648681641e+02 9.943648681641e+02 7.616572620800e+10 7.926480076800e+10 5.341117440000e+09 0.000000000000e+00 0.000000000000e+00 1.046550400000e+09 0.000000000000e+00
552.000000 1.602154659840e+11 9.808489379883e+02 9.943652343750e+02 9.943652343750e+02 7.467699404800e+10 7.916431769600e+10 5.364130816000e+09 0.000000000000e+00 0.000000000000e+00 1.010024896000e+09 0.000000000000e+00
554.000000 1.586417336320e+11 9.808496093750e+02 9.943653564453e+02 9.943653564453e+02 7.321747456000e+10 7.906263859200e+10 5.386910720000e+09 0.000000000000e+00 0.000000000000e+00 9.747040640000e+08 0.000000000000e+00
556.000000 1.570972794880e+11 9.808502197266e+02 9.943651733398e+02 9.943651733398e+02 7.178700390400e+10 7.896023040000e+10 5.409483264000e+09 0.000000000000e+00 0.000000000000e+00 9.405563520000e+08 0.000000000000e+00
558.000000 1.555804979200e+11 9.808507690430e+02 9.943649902344e+02 9.943649902344e+02 7.038457446400e+10 7.885657702400e+10 5.431817216000e+09 0.000000000000e+00 0.000000000000e+00 9.075389440000e+08 0.000000000000e+00
560.000000 1.540917821440e+11 9.808513183594e+02 9.943646240234e+02 9.943646240234e+02 6.901003059200e+10 7.875220275200e+10 5.453934592000e+09 0.000000000000e+00 0.000000000000e+00 8.756224640000e+08 0.000000000000e+00
562.000000 1.526296084480e+11 9.808518676758e+02 9.943639526367e+02 9.943639526367e+02 6.766241382400e+10 7.864662425600e+10 5.475802624000e+09 0.000000000000e+00 0.000000000000e+00 8.447673600000e+08 0.000000000000e+00
564.000000 1.511937146880e+11 9.808523559570e+02 9.943630981445e+02 9.943630981445e+02 6.634133504000e+10 7.854000537600e+10 5.497432064000e+09 0.000000000000e+00 0.000000000000e+00 8.149422720000e+08 0.000000000000e+00
566.000000 1.497845432320e+11 9.808528442383e+02 9.943619384766e+02 9.943619384766e+02 6.504668364800e+10 7.843287859200e+10 5.518850560000e+09 0.000000000000e+00 0.000000000000e+00 7.861200640000e+08 0.000000000000e+00
568.000000 1.484006850560e+11 9.808532714844e+02 9.943605957031e+02 9.943605957031e+02 6.377759129600e+10 7.832480972800e+10 5.540026368000e+09 0.000000000000e+00 0.000000000000e+00 7.582648960000e+08 0.000000000000e+00
570.000000 1.470415339520e+11 9.808536987305e+02 9.943588867188e+02 9.943588867188e+02 6.253349273600e+10 7.821574144000e+10 5.560953344000e+09 0.000000000000e+00 0.000000000000e+00 7.313455360000e+08 0.000000000000e+00
572.000000 1.457073684480e+11 9.808541259766e+02 9.943570556641e+02 9.943570556641e+02 6.131424051200e+10 7.810613248000e+10 5.581661184000e+09 0.000000000000e+00 0.000000000000e+00 7.053365120000e+08 0.000000000000e+00
574.000000 1.443979591680e+11 9.808545532227e+02 9.943548583984e+02 9.943548583984e+02 6.011944140800e+10 7.799616307200e+10 5.602154496000e+09 0.000000000000e+00 0.000000000000e+00 6.802103040000e+08 0.000000000000e+00
576.000000 1.431118479360e+11 9.808549194336e+02 9.943522338867e+02 9.943522338867e+02 5.894824345600e+10 7.788525977600e+10 5.622397440000e+09 0.000000000000e+00 0.000000000000e+00 6.559342720000e+08 0.000000000000e+00
578.000000 1.418499358720e+11 9.808552856445e+02 9.943493652344e+02 9.943493652344e+02 5.780070809600e+10 7.777429913600e+10 5.642440192000e+09 0.000000000000e+00 0.000000000000e+00 6.324874240000e+08 0.000000000000e+00
580.000000 1.406095687680e+11 9.808556518555e+02 9.943460083008e+02 9.943460083008e+02 5.667550003200e+10 7.766204416000e+10 5.662194176000e+09 0.000000000000e+00 0.000000000000e+00 6.098335360000e+08 0.000000000000e+00
582.000000 1.393928765440e+11 9.808559570312e+02 9.943423461914e+02 9.943423461914e+02 5.557320908800e+10 7.754994483200e+10 5.681761792000e+09 0.000000000000e+00 0.000000000000e+00 5.879585280000e+08 0.000000000000e+00
584.000000 1.381978767360e+11 9.808562622070e+02 9.943383789062e+02 9.943383789062e+02 5.449277849600e+10 7.743717376000e+10 5.701082624000e+09 0.000000000000e+00 0.000000000000e+00 5.668309120000e+08 0.000000000000e+00
586.000000 1.370247659520e+11 9.808565673828e+02 9.943338012695e+02 9.943338012695e+02 5.343402393600e+10 7.732414054400e+10 5.720177152000e+09 0.000000000000e+00 0.000000000000e+00 5.464292480000e+08 0.000000000000e+00
588.000000 1.358728560640e+11 9.808568725586e+02 9.943289184570e+02 9.943289184570e+02 5.239640064000e+10 7.721068953600e+10 5.739037696000e+09 0.000000000000e+00 0.000000000000e+00 5.267286080000e+08 0.000000000000e+00
590.000000 1.347422863360e+11 9.808571166992e+02 9.943234863281e+02 9.943234863281e+02 5.137972428800e+10 7.709717299200e+10 5.757683200000e+09 0.000000000000e+00 0.000000000000e+00 5.077087360000e+08 0.000000000000e+00
592.000000 1.336320000000e+11 9.808574218750e+02 9.943176879883e+02 9.943176879883e+02 5.038332313600e+10 7.698324684800e+10 5.776086528000e+09 0.000000000000e+00 0.000000000000e+00 4.893450560000e+08 0.000000000000e+00
594.000000 1.325417021440e+11 9.808576660156e+02 9.943113403320e+02 9.943113403320e+02 4.940684083200e+10 7.686898483200e+10 5.794254336000e+09 0.000000000000e+00 0.000000000000e+00 4.716165440000e+08 0.000000000000e+00
596.000000 1.314712616960e+11 9.808579101562e+02 9.943045654297e+02 9.943045654297e+02 4.844997017600e+10 7.675459993600e+10 5.812193280000e+09 0.000000000000e+00 0.000000000000e+00 4.545032640000e+08 0.000000000000e+00
598.000000 1.304205230080e+11 9.808580932617e+02 9.942973632812e+02 9.942973632812e+02 4.751239577600e+10 7.664022323200e+10 5.829912576000e+09 0.000000000000e+00 0.000000000000e+00 4.379857920000e+08 0.000000000000e+00
600.000000 1.293882736640e+11 9.808583374023e+02 9.942894897461e+02 9.942894897461e+02 4.659345408000e+10 7.652541235200e+10 5.847378432000e+09 0.000000000000e+00 0.000000000000e+00 4.220419200000e+08 0.000000000000e+00
602.000000 1.283750297600e+11 9.808585205078e+02 9.942811889648e+02 9.942811889648e+02 4.569306316800e+10 7.641068339200e+10 5.864627712000e+09 0.000000000000e+00 0.000000000000e+00 4.066555840000e+08 0.000000000000e+00
604.000000 1.273794969600e+11 9.808587646484e+02 9.942725830078e+02 9.942725830078e+02 4.481054720000e+10 7.629552025600e+10 5.881614848000e+09 0.000000000000e+00 0.000000000000e+00 3.918054080000e+08 0.000000000000e+00
606.000000 1.264021831680e+11 9.808589477539e+02 9.942632446289e+02 9.942632446289e+02 4.394584473600e+10 7.618048000000e+10 5.898383872000e+09 0.000000000000e+00 0.000000000000e+00 3.774764480000e+08 0.000000000000e+00
608.000000 1.254423265280e+11 9.808591308594e+02 9.942535400391e+02 9.942535400391e+02 4.309845196800e+10 7.606532505600e+10 5.914912256000e+09 0.000000000000e+00 0.000000000000e+00 3.636497600000e+08 0.000000000000e+00
610.000000 1.244998942720e+11 9.808592529297e+02 9.942434082031e+02 9.942434082031e+02 4.226812723200e+10 7.595024384000e+10 5.931212288000e+09 0.000000000000e+00 0.000000000000e+00 3.503100480000e+08 0.000000000000e+00
612.000000 1.235744276480e+11 9.808594360352e+02 9.942327880859e+02 9.942327880859e+02 4.145448550400e+10 7.583521177600e+10 5.947282432000e+09 0.000000000000e+00 0.000000000000e+00 3.374402880000e+08 0.000000000000e+00
614.000000 1.226657628160e+11 9.808596191406e+02 9.942216186523e+02 9.942216186523e+02 4.065726464000e+10 7.572033536000e+10 5.963129856000e+09 0.000000000000e+00 0.000000000000e+00 3.250254400000e+08 0.000000000000e+00
616.000000 1.217731870720e+11 9.808597412109e+02 9.942101440430e+02 9.942101440430e+02 3.987596492800e+10 7.560543436800e+10 5.978729472000e+09 0.000000000000e+00 0.000000000000e+00 3.130490560000e+08 0.000000000000e+00
618.000000 1.208964956160e+11 9.808599243164e+02 9.941982421875e+02 9.941982421875e+02 3.911034470400e+10 7.549057433600e+10 5.994092544000e+09 0.000000000000e+00 0.000000000000e+00 3.014968320000e+08 0.000000000000e+00
620.000000 1.200356966400e+11 9.808600463867e+02 9.941857910156e+02 9.941857910156e+02 3.836015411200e+10 7.537596006400e+10 6.009231360000e+09 0.000000000000e+00 0.000000000000e+00 2.903551040000e+08 0.000000000000e+00
622.000000 1.191902248960e+11 9.808601684570e+02 9.941731567383e+02 9.941731567383e+02 3.762502041600e+10 7.526145228800e+10 6.024132096000e+09 0.000000000000e+00 0.000000000000e+00 2.796094720000e+08 0.000000000000e+00
624.000000 1.183601049600e+11 9.808602905273e+02 9.941599731445e+02 9.941599731445e+02 3.690473062400e+10 7.514730496000e+10 6.038814208000e+09 0.000000000000e+00 0.000000000000e+00 2.692472320000e+08 0.000000000000e+00
626.000000 1.175444848640e+11 9.808604125977e+02 9.941465454102e+02 9.941465454102e+02 3.619882188800e+10 7.503317401600e+10 6.053247488000e+09 0.000000000000e+00 0.000000000000e+00 2.592541600000e+08 0.000000000000e+00
628.000000 1.167441428480e+11 9.808605346680e+02 9.941328125000e+02 9.941328125000e+02 3.550730649600e+10 7.491973120000e+10 6.067483136000e+09 0.000000000000e+00 0.000000000000e+00 2.496199840000e+08 0.000000000000e+00
630.000000 1.159574077440e+11 9.808606567383e+02 9.941186523438e+02 9.941186523438e+02 3.482949222400e+10 7.480613273600e+10 6.081455104000e+09 0.000000000000e+00 0.000000000000e+00 2.403293120000e+08 0.000000000000e+00
632.000000 1.151848857600e+11 9.808607177734e+02 9.941043090820e+02 9.941043090820e+02 3.416536268800e+10 7.469293568000e+10 6.095206400000e+09 0.000000000000e+00 0.000000000000e+00 2.313726400000e+08 0.000000000000e+00
634.000000 1.144260362240e+11 9.808608398438e+02 9.940895996094e+02 9.940895996094e+02 3.351454310400e+10 7.458002534400e+10 6.108720640000e+09 0.000000000000e+00 0.000000000000e+00 2.227375360000e+08 0.000000000000e+00
636.000000 1.136803512320e+11 9.808609008789e+02 9.940747070312e+02 9.940747070312e+02 3.287670579200e+10 7.446724608000e+10 6.121986560000e+09 0.000000000000e+00 0.000000000000e+00 2.144128480000e+08 0.000000000000e+00
638.000000 1.129485762560e+11 9.808610229492e+02 9.940595092773e+02 9.940595092773e+02 3.225187123200e+10 7.435525324800e+10 6.135057408000e+09 0.000000000000e+00 0.000000000000e+00 2.063895680000e+08 0.000000000000e+00
640.000000 1.122292449280e+11 9.808610839844e+02 9.940441284180e+02 9.940441284180e+02 3.163943116800e+10 7.424329318400e+10 6.147869696000e+09 0.000000000000e+00 0.000000000000e+00 1.986551520000e+08 0.000000000000e+00
642.000000 1.115226357760e+11 9.808612060547e+02 9.940285644531e+02 9.940285644531e+02 3.103927705600e+10 7.413170176000e+10 6.160449024000e+09 0.000000000000e+00 0.000000000000e+00 1.912005280000e+08 0.000000000000e+00
644.000000 1.108283310080e+11 9.808612670898e+02 9.940127563477e+02 9.940127563477e+02 3.045110784000e+10 7.402041344000e+10 6.172786176000e+09 0.000000000000e+00 0.000000000000e+00 1.840158080000e+08 0.000000000000e+00
646.000000 1.101465845760e+11 9.808613281250e+02 9.939967651367e+02 9.939967651367e+02 2.987483136000e+10 7.390975590400e+10 6.184911360000e+09 0.000000000000e+00 0.000000000000e+00 1.770924000000e+08 0.000000000000e+00
648.000000 1.094761840640e+11 9.808613891602e+02 9.939807739258e+02 9.939807739258e+02 2.930992128000e+10 7.379908198400e+10 6.196765696000e+09 0.000000000000e+00 0.000000000000e+00 1.704196160000e+08 0.000000000000e+00
