# Field 1: altitude (km)
# Field 2: electron temperature (K)
# Field 3: ion temperature (K)
# Field 4: neutral temperature from IRI (K)
# Field 5: neutral temperature from MSIS (K)
# Field 6: direct conductivity (A/V/m)
# Field 7: Pedersen conductivity (A/V/m)
# Field 8: Hall conductivity (A/V/m)
# Field 9: electron density (cm-3)
# Field 10: electron/ion collision frequency (1/s)
# Field 11: neutral density (cm-3)
50.000000 2.699909973145e+02 2.699909973145e+02 2.699909973145e+02 2.699909973145e+02 0.000000000000e+00 0.000000000000e+00 0.000000000000e+00 0.000000000000e+00 0.000000000000e+00 2.308011057165e+16
52.000000 2.674299316406e+02 2.674299316406e+02 2.674299316406e+02 2.674299316406e+02 0.000000000000e+00 0.000000000000e+00 0.000000000000e+00 0.000000000000e+00 0.000000000000e+00 1.815842003721e+16
54.000000 2.633866271973e+02 2.633866271973e+02 2.633866271973e+02 2.633866271973e+02 0.000000000000e+00 0.000000000000e+00 0.000000000000e+00 0.000000000000e+00 0.000000000000e+00 1.432560732838e+16
56.000000 2.579704589844e+02 2.579704589844e+02 2.579704589844e+02 2.579704589844e+02 0.000000000000e+00 0.000000000000e+00 0.000000000000e+00 0.000000000000e+00 0.000000000000e+00 1.131437166585e+16
58.000000 2.515215148926e+02 2.515215148926e+02 2.515215148926e+02 2.515215148926e+02 0.000000000000e+00 0.000000000000e+00 0.000000000000e+00 0.000000000000e+00 0.000000000000e+00 8.924288937624e+15
60.000000 2.445445861816e+02 2.445445861816e+02 2.445445861816e+02 2.445445861816e+02 0.000000000000e+00 0.000000000000e+00 0.000000000000e+00 0.000000000000e+00 0.000000000000e+00 7.009810084004e+15
62.000000 2.374753570557e+02 2.374753570557e+02 2.374753570557e+02 2.374753570557e+02 0.000000000000e+00 0.000000000000e+00 0.000000000000e+00 0.000000000000e+00 0.000000000000e+00 5.470260534706e+15
64.000000 2.306661987305e+02 2.306661987305e+02 2.306661987305e+02 2.306661987305e+02 0.000000000000e+00 0.000000000000e+00 0.000000000000e+00 0.000000000000e+00 0.000000000000e+00 4.232465858167e+15
66.000000 2.243938903809e+02 2.243938903809e+02 2.243938903809e+02 2.243938903809e+02 0.000000000000e+00 0.000000000000e+00 0.000000000000e+00 0.000000000000e+00 0.000000000000e+00 3.243304825127e+15
68.000000 2.188746490479e+02 2.188746490479e+02 2.188746490479e+02 2.188746490479e+02 0.000000000000e+00 0.000000000000e+00 0.000000000000e+00 0.000000000000e+00 0.000000000000e+00 2.459844472734e+15
70.000000 2.142824249268e+02 2.142824249268e+02 2.142824249268e+02 2.142824249268e+02 0.000000000000e+00 0.000000000000e+00 0.000000000000e+00 0.000000000000e+00 0.000000000000e+00 1.846055226311e+15
72.000000 2.107680969238e+02 2.107680969238e+02 2.107680969238e+02 2.107680969238e+02 0.000000000000e+00 0.000000000000e+00 0.000000000000e+00 0.000000000000e+00 0.000000000000e+00 1.371141264376e+15
74.000000 2.082118682861e+02 2.082118682861e+02 2.082118682861e+02 2.084731597900e+02 0.000000000000e+00 0.000000000000e+00 0.000000000000e+00 0.000000000000e+00 0.000000000000e+00 1.011589779199e+15
76.000000 2.059698638916e+02 2.059698638916e+02 2.059698638916e+02 2.072191009521e+02 0.000000000000e+00 0.000000000000e+00 0.000000000000e+00 0.000000000000e+00 0.000000000000e+00 7.385869683186e+14
78.000000 2.038932495117e+02 2.038932495117e+02 2.038932495117e+02 2.065736999512e+02 0.000000000000e+00 0.000000000000e+00 0.000000000000e+00 0.000000000000e+00 0.000000000000e+00 5.370115270799e+14
80.000000 2.018702392578e+02 2.018702392578e+02 2.018702392578e+02 2.061274108887e+02 4.269455083329e-10 3.464625464494e-10 1.668707894504e-10 1.810564843750e-01 4.166792182165e-03 3.898243413089e+14
82.000000 1.997982177734e+02 1.997982177734e+02 1.997982177734e+02 2.054833831787e+02 2.856157827682e-08 1.977937716780e-08 1.316910007044e-08 8.750109000000e+00 1.825275225315e-01 2.830737797868e+14
84.000000 1.975832061768e+02 1.975832061768e+02 1.975832061768e+02 2.042572021484e+02 3.249270753154e-07 1.759832708122e-07 1.617330162777e-07 7.200406400000e+01 1.426565271610e+00 2.059007655977e+14
86.000000 1.951407165527e+02 1.951407165527e+02 1.951407165527e+02 2.020910949707e+02 1.124245902681e-06 4.312672953179e-07 5.458866641860e-07 1.805325320000e+02 3.529129709762e+00 1.501340756541e+14
88.000000 1.923968811035e+02 1.923968811035e+02 1.923968811035e+02 1.986801147461e+02 2.136458096813e-06 5.291338204130e-07 9.201569309699e-07 2.490474640000e+02 4.911304543964e+00 1.097599959368e+14
90.000000 1.892903289795e+02 1.892903289795e+02 1.892903289795e+02 1.938048858643e+02 3.948872000128e-06 5.874133307275e-07 1.399991347194e-06 3.345180560000e+02 6.679689853267e+00 8.041407152128e+13
92.000000 1.858927154541e+02 1.858927154541e+02 1.858927154541e+02 1.876268005371e+02 1.108666800543e-05 9.407986939536e-07 3.069632974405e-06 6.815048240000e+02 1.360925820526e+01 5.888078695629e+13
94.000000 1.827296600342e+02 1.827296600342e+02 1.827296600342e+02 1.813401489258e+02 2.675464724838e-05 1.242627365010e-06 5.564590877400e-06 1.184357456000e+03 2.374182754850e+01 4.276538779238e+13
96.000000 1.803694763184e+02 1.803694763184e+02 1.803694763184e+02 1.761084594727e+02 4.869103633623e-05 1.198325663872e-06 7.377747594373e-06 1.533450800000e+03 3.100346465721e+01 3.062117603738e+13
98.000000 1.793311920166e+02 1.793311920166e+02 1.793311920166e+02 1.728457183838e+02 8.067249808065e-05 1.034358493083e-06 8.689432035954e-06 1.782617248000e+03 3.612837100468e+01 2.154495600230e+13
100.000000 1.801501007080e+02 1.801501007080e+02 1.801501007080e+02 1.723986663818e+02 1.282883762080e-04 8.662827295527e-07 9.637791829576e-06 1.963103008000e+03 3.939330800395e+01 1.488408707072e+13
102.000000 1.833177490234e+02 1.833177490234e+02 1.833177490234e+02 1.754905853271e+02 1.917203555935e-04 7.216227949386e-07 9.921593855085e-06 2.013052832000e+03 3.939314959183e+01 1.012274426675e+13
104.000000 1.888781280518e+02 1.888781280518e+02 1.888781280518e+02 1.819649353027e+02 2.849321544674e-04 6.710233547564e-07 1.013548436700e-05 2.052262416000e+03 3.850110189347e+01 6.839446634496e+12
106.000000 1.968592376709e+02 1.968592376709e+02 1.968592376709e+02 1.915987548828e+02 4.090584873276e-04 6.996988077920e-07 1.006756787037e-05 2.037076832000e+03 3.609205495970e+01 4.630790569984e+12
108.000000 2.073983306885e+02 2.073983306885e+02 2.073983306885e+02 2.042395324707e+02 5.834096367716e-04 8.305555484681e-07 1.006314322621e-05 2.037832000000e+03 3.358193804490e+01 3.163500445696e+12
110.000000 2.207233734131e+02 2.207233734131e+02 2.207233734131e+02 2.196232604980e+02 8.156639165518e-04 1.062469149002e-06 1.003114827799e-05 2.037856608000e+03 3.079840020260e+01 2.192602791936e+12
112.000000 2.371142425537e+02 2.371142425537e+02 2.371142425537e+02 2.373334197998e+02 1.096117406878e-03 1.378051317617e-06 9.796357067891e-06 2.004659744000e+03 2.744072509572e+01 1.548022136832e+12
114.000000 2.567845153809e+02 2.567845153809e+02 2.567845153809e+02 2.573511047363e+02 1.346241966367e-03 1.675233909440e-06 8.885947906813e-06 1.844261440000e+03 2.266303171521e+01 1.114066018304e+12
116.000000 2.798060607910e+02 2.798060607910e+02 2.798060607910e+02 2.796971740723e+02 1.572163123729e-03 1.948443868891e-06 7.748165724770e-06 1.649163520000e+03 1.805295893072e+01 8.171717263360e+11
118.000000 3.059394226074e+02 3.059394226074e+02 3.059394226074e+02 3.041932373047e+02 1.746135171922e-03 2.138860880622e-06 6.451839368410e-06 1.431813824000e+03 1.390769463632e+01 6.109488701440e+11
120.000000 3.343472900391e+02 3.343472900391e+02 3.343472900391e+02 3.303347167969e+02 1.882349937182e-03 2.235046271638e-06 5.196919716763e-06 1.229874208000e+03 1.060928654447e+01 4.657396244480e+11
122.000000 3.632220764160e+02 3.632220764160e+02 3.632220764160e+02 3.571372070312e+02 1.932114477987e-03 2.162159029999e-06 3.944801595750e-06 1.023335680000e+03 7.912207100266e+00 3.623127429120e+11
124.000000 3.882681884766e+02 3.882681884766e+02 3.882681884766e+02 3.815888977051e+02 1.962854999693e-03 2.002498044922e-06 2.934797715579e-06 8.570564160000e+02 6.072575819065e+00 2.889493483520e+11
126.000000 4.111763305664e+02 4.111763305664e+02 4.111763305664e+02 4.045603637695e+02 1.975802626764e-03 1.782296274940e-06 2.135931468572e-06 7.211602560000e+02 4.742794654289e+00 2.347539128320e+11
128.000000 4.325920410156e+02 4.325920410156e+02 4.325920410156e+02 4.260074157715e+02 2.008232394136e-03 1.560229413429e-06 1.553208116077e-06 6.204411840000e+02 3.819080447532e+00 1.937487595520e+11
130.000000 4.526134033203e+02 4.526134033203e+02 4.526134033203e+02 4.460320739746e+02 2.018365697410e-03 1.321994567628e-06 1.107170468797e-06 5.334120000000e+02 3.096793259185e+00 1.620477368320e+11
132.000000 4.713320617676e+02 4.713320617676e+02 4.713320617676e+02 4.647294616699e+02 2.082426415749e-03 1.131525046747e-06 8.060328715208e-07 4.750661440000e+02 2.615408327951e+00 1.370855342080e+11
134.000000 4.888333740234e+02 4.888333740234e+02 4.888333740234e+02 4.821882629395e+02 2.197895628545e-03 9.798804474014e-07 5.994588592016e-07 4.362410560000e+02 2.288108170961e+00 1.171159367680e+11
136.000000 5.051972656250e+02 5.051972656250e+02 5.051972656250e+02 4.984912109375e+02 2.409191361620e-03 8.756176964328e-07 4.641475964144e-07 4.189095520000e+02 2.100648529761e+00 1.009183569920e+11
138.000000 5.204982910156e+02 5.204982910156e+02 5.204982910156e+02 5.137155151367e+02 2.672241656842e-03 7.891242052375e-07 3.650654913564e-07 4.095216960000e+02 1.970711282915e+00 8.762000998400e+10
140.000000 5.348060302734e+02 5.348060302734e+02 5.348060302734e+02 5.279331054688e+02 3.097336778371e-03 7.425955301135e-07 3.017371301997e-07 4.206265600000e+02 1.946838363514e+00 7.658403763200e+10
142.000000 5.481855468750e+02 5.481855468750e+02 5.481855468750e+02 5.412111206055e+02 3.717422004527e-03 7.241091139133e-07 2.597745343205e-07 4.495374880000e+02 2.005430473256e+00 6.733749171200e+10
144.000000 5.606975708008e+02 5.606975708008e+02 5.606975708008e+02 5.536121826172e+02 4.615880194899e-03 7.322674233452e-07 2.331658877721e-07 4.992380960000e+02 2.150481942447e+00 5.952351308800e+10
146.000000 5.723988037109e+02 5.723988037109e+02 5.723988037109e+02 5.651946411133e+02 5.913862471079e-03 7.633192467240e-07 2.162257538639e-07 5.743838545000e+02 2.392738041122e+00 5.286896537600e+10
148.000000 5.834337158203e+02 5.833422851562e+02 5.833422851562e+02 5.760130615234e+02 7.781224702416e-03 8.239105892004e-07 2.090355222398e-07 6.812849455000e+02 2.747973462166e+00 4.716209126400e+10
150.000000 5.961218261719e+02 5.935774536133e+02 5.935774536133e+02 5.861182250977e+02 1.042554660464e-02 9.112405540565e-07 2.078744977474e-07 8.273878950000e+02 3.217912925144e+00 4.223682252800e+10
152.000000 6.071323242188e+02 6.031506347656e+02 6.031506347656e+02 5.955575561523e+02 1.413950038573e-02 1.023855842301e-06 2.107551199682e-07 1.019647903000e+03 3.839213054806e+00 3.796147417600e+10
154.000000 6.164036865234e+02 6.121048583984e+02 6.121048583984e+02 6.043753051758e+02 1.919791393662e-02 1.155950758805e-06 2.154082762006e-07 1.260914392000e+03 4.615961906190e+00 3.423066124800e+10
156.000000 6.240074462891e+02 6.204806518555e+02 6.204806518555e+02 6.126127319336e+02 2.574585972202e-02 1.288110088221e-06 2.174344581100e-07 1.543541094000e+03 5.517893047759e+00 3.095922329600e+10
158.000000 6.301276855469e+02 6.283156127930e+02 6.283156127930e+02 6.203084106445e+02 3.356325511453e-02 1.406762723355e-06 2.162095025961e-07 1.840617664000e+03 6.453262902663e+00 2.807777728000e+10
160.000000 6.356449584961e+02 6.356449584961e+02 6.356449584961e+02 6.274981689453e+02 5.612742035175e-02 1.991998416652e-06 2.794589694208e-07 2.841115624000e+03 9.700343505942e+00 2.552943072000e+10
162.000000 6.425017089844e+02 6.425017089844e+02 6.425017089844e+02 6.342156372070e+02 1.225733293123e-01 3.743597747282e-06 4.781841114229e-07 5.864108400000e+03 1.924937996738e+01 2.326546643200e+10
164.000000 6.489163818359e+02 6.489163818359e+02 6.489163818359e+02 6.404920654297e+02 1.956412507907e-01 5.173873194619e-06 6.030193967152e-07 8.887101568000e+03 2.836441517994e+01 2.125024268800e+10
166.000000 6.549179687500e+02 6.549179687500e+02 6.549179687500e+02 6.463566284180e+02 2.748658990293e-01 6.362186165004e-06 6.795977403068e-07 1.191009363200e+04 3.714932634594e+01 1.944898720000e+10
168.000000 6.605331420898e+02 6.605331420898e+02 6.605331420898e+02 6.518366088867e+02 3.596620604998e-01 7.296052733474e-06 7.137853500463e-07 1.493308825600e+04 4.566550850299e+01 1.783408281600e+10
170.000000 6.657869873047e+02 6.657869873047e+02 6.657869873047e+02 6.569573974609e+02 4.493255192557e-01 8.035143271866e-06 7.211387361432e-07 1.795608038400e+04 5.395647701130e+01 1.638216121600e+10
172.000000 6.707030639648e+02 6.707030639648e+02 6.707030639648e+02 6.617427978516e+02 5.430511523515e-01 8.692460983664e-06 7.205493209865e-07 2.097907353600e+04 6.205571498422e+01 1.507330096000e+10
174.000000 6.753032226562e+02 6.753032226562e+02 6.753032226562e+02 6.662149658203e+02 6.400119771993e-01 9.220884121353e-06 7.070554998894e-07 2.400206694400e+04 6.999013633810e+01 1.389048806400e+10
176.000000 6.796079101562e+02 6.796079101562e+02 6.796079101562e+02 6.703945312500e+02 7.393387731817e-01 9.638850613809e-06 6.846822458637e-07 2.702505932800e+04 7.778194812400e+01 1.281910656000e+10
178.000000 6.836362915039e+02 6.836362915039e+02 6.836362915039e+02 6.743008422852e+02 8.401612572135e-01 9.962108175979e-06 6.564213079994e-07 3.004805120000e+04 8.544979277372e+01 1.184654275200e+10
180.000000 6.874062500000e+02 6.874062500000e+02 6.874062500000e+02 6.779518432617e+02 9.416326550034e-01 1.020414366589e-05 6.244900184373e-07 3.307104307200e+04 9.300951748895e+01 1.096188067200e+10
182.000000 6.909345092773e+02 6.909345092773e+02 6.909345092773e+02 6.813644409180e+02 1.042982982922e+00 1.031995994889e-05 5.853323700652e-07 3.609403904000e+04 1.004747185820e+02 1.015562396800e+10
184.000000 6.942366943359e+02 6.942366943359e+02 6.942366943359e+02 6.845542602539e+02 1.143454624179e+00 1.037479851720e-05 5.459416087673e-07 3.911703398400e+04 1.078571107698e+02 9.419491456000e+09
186.000000 6.973274536133e+02 6.973274536133e+02 6.973274536133e+02 6.875360717773e+02 1.242389190336e+00 1.037806551576e-05 5.071809358664e-07 4.214002636800e+04 1.151668586042e+02 8.746233712000e+09
188.000000 7.002203979492e+02 7.002203979492e+02 7.002203979492e+02 6.903234252930e+02 1.339214152370e+00 1.033782995551e-05 4.696425729868e-07 4.516301875200e+04 1.224128476787e+02 8.129484736000e+09
190.000000 7.029282836914e+02 7.029282836914e+02 7.029282836914e+02 6.929291992188e+02 1.433446933157e+00 1.026102402528e-05 4.337179116381e-07 4.818601216000e+04 1.296028387665e+02 7.563639024000e+09
192.000000 7.054631347656e+02 7.054631347656e+02 7.054631347656e+02 6.953653564453e+02 1.561193496131e+00 1.078164271527e-05 4.261799164498e-07 5.402656051200e+04 1.439869838960e+02 7.043738032000e+09
194.000000 7.078359985352e+02 7.078359985352e+02 7.078359985352e+02 6.976428833008e+02 1.689189714551e+00 1.137402113333e-05 4.207774017683e-07 6.076076851200e+04 1.604918044186e+02 6.565400112000e+09
196.000000 7.100573730469e+02 7.100573730469e+02 7.100573730469e+02 6.997723388672e+02 1.811444218261e+00 1.195855780197e-05 4.140303957853e-07 6.809107763200e+04 1.783278382416e+02 6.124723696000e+09
198.000000 7.121369628906e+02 7.121369628906e+02 7.121369628906e+02 7.017634277344e+02 1.926925521642e+00 1.254834373046e-05 4.071858813177e-07 7.603665203200e+04 1.975274089992e+02 5.718239424000e+09
200.000000 7.140839843750e+02 7.140839843750e+02 7.140839843750e+02 7.036250610352e+02 2.035022429513e+00 1.313228782015e-05 3.996487629503e-07 8.461283225600e+04 2.181138401985e+02 5.342857256000e+09
202.000000 7.159069213867e+02 7.159069213867e+02 7.159069213867e+02 7.053659057617e+02 2.135793571393e+00 1.355445742618e-05 3.842977666244e-07 9.383079833600e+04 2.401010085243e+02 4.995799888000e+09
204.000000 7.176137084961e+02 7.176137084961e+02 7.176137084961e+02 7.069937744141e+02 2.229258925000e+00 1.387294579786e-05 3.651719442121e-07 1.036967260160e+05 2.634914945087e+02 4.674591200000e+09
206.000000 7.192118530273e+02 7.192118530273e+02 7.192118530273e+02 7.085160522461e+02 2.315371802700e+00 1.424098059524e-05 3.494120622081e-07 1.142116249600e+05 2.882764266039e+02 4.376996472000e+09
208.000000 7.207083129883e+02 7.207083129883e+02 7.207083129883e+02 7.099397583008e+02 2.394999656518e+00 1.449490677363e-05 3.302113316389e-07 1.253708820480e+05 3.144347001488e+02 4.101008472000e+09
210.000000 7.221096191406e+02 7.221096191406e+02 7.221096191406e+02 7.112711791992e+02 2.468240753041e+00 1.480004132269e-05 3.143492371915e-07 1.371636449280e+05 3.419316932130e+02 3.844822224000e+09
212.000000 7.234219360352e+02 7.234219360352e+02 7.234219360352e+02 7.125164184570e+02 2.535940204231e+00 1.507235770310e-05 2.984967386928e-07 1.495728128000e+05 3.707194557937e+02 3.606798960000e+09
214.000000 7.246508178711e+02 7.246508178711e+02 7.246508178711e+02 7.136810913086e+02 2.599145884222e+00 1.521806869965e-05 2.797288315201e-07 1.625747046400e+05 4.007363130081e+02 3.385464376000e+09
216.000000 7.258017578125e+02 7.258017578125e+02 7.258017578125e+02 7.147705078125e+02 2.657781896623e+00 1.541855998918e-05 2.642092510472e-07 1.761390223360e+05 4.319065895610e+02 3.179471540000e+09
218.000000 7.268796997070e+02 7.268796997070e+02 7.268796997070e+02 7.157894897461e+02 2.713348223301e+00 1.548671346758e-05 2.461259108499e-07 1.902286929920e+05 4.641407531271e+02 2.987609900000e+09
220.000000 7.278892822266e+02 7.278892822266e+02 7.278892822266e+02 7.167426757812e+02 2.765484114060e+00 1.561285140536e-05 2.311989283374e-07 2.048000409600e+05 4.973357948124e+02 2.808771124000e+09
222.000000 7.288348999023e+02 7.288348999023e+02 7.288348999023e+02 7.176343383789e+02 2.814539957264e+00 1.580164017951e-05 2.191445960740e-07 2.198029312000e+05 5.313756087388e+02 2.641947304000e+09
224.000000 7.297205810547e+02 7.297205810547e+02 7.297205810547e+02 7.184685058594e+02 2.862316148115e+00 1.585583453912e-05 2.048016392043e-07 2.351812648960e+05 5.661323349221e+02 2.486222562000e+09
226.000000 7.305502929688e+02 7.305502929688e+02 7.305502929688e+02 7.192488403320e+02 2.907843871566e+00 1.597498567008e-05 1.931963419035e-07 2.508730408960e+05 6.014662198060e+02 2.340757764000e+09
228.000000 7.313275146484e+02 7.313275146484e+02 7.313275146484e+02 7.199789428711e+02 2.948855868183e+00 1.584224806651e-05 1.788881085899e-07 2.641429422080e+05 6.310990881222e+02 2.204786830000e+09
230.000000 7.320555419922e+02 7.320555419922e+02 7.320555419922e+02 7.206620483398e+02 2.996964299751e+00 1.600792068566e-05 1.686169520414e-07 2.829235691520e+05 6.732585789287e+02 2.077610264000e+09
232.000000 7.327376708984e+02 7.327376708984e+02 7.327376708984e+02 7.213011474609e+02 3.040333679699e+00 1.602442410279e-05 1.579176192860e-07 2.991348449280e+05 7.093929866296e+02 1.958584938000e+09
234.000000 7.333766479492e+02 7.333766479492e+02 7.333766479492e+02 7.218991699219e+02 3.080171565100e+00 1.578451402244e-05 1.450619350230e-07 3.122123857920e+05 7.382922179921e+02 1.847122560000e+09
236.000000 7.339753417969e+02 7.339753417969e+02 7.339753417969e+02 7.224587402344e+02 3.132306020457e+00 1.606926545870e-05 1.378094042059e-07 3.348515840000e+05 7.887936090828e+02 1.742682322000e+09
238.000000 7.345362548828e+02 7.345362548828e+02 7.345362548828e+02 7.229823608398e+02 3.172978913468e+00 1.576521160072e-05 1.259434191672e-07 3.475628728320e+05 8.166911188739e+02 1.644767272000e+09
240.000000 7.350618896484e+02 7.350618896484e+02 7.350618896484e+02 7.234724121094e+02 3.217894057744e+00 1.565595852036e-05 1.168004375429e-07 3.633631436800e+05 8.515019160436e+02 1.552920302000e+09
242.000000 7.355543212891e+02 7.355543212891e+02 7.355543212891e+02 7.239309692383e+02 3.269663630918e+00 1.564443317357e-05 1.085164393676e-07 3.826432573440e+05 8.940521918531e+02 1.466720447000e+09
244.000000 7.360158081055e+02 7.360158081055e+02 7.360158081055e+02 7.243601074219e+02 3.312966980755e+00 1.525486953445e-05 9.835285589010e-08 3.939570769920e+05 9.186452746609e+02 1.385779602000e+09
246.000000 7.364482421875e+02 7.364482421875e+02 7.364482421875e+02 7.247617797852e+02 3.361419957516e+00 1.506532995695e-05 9.052308435762e-08 4.085919211520e+05 9.506440119141e+02 1.309738820000e+09
248.000000 7.368535156250e+02 7.368535156250e+02 7.368535156250e+02 7.251376953125e+02 3.413999506138e+00 1.475702543232e-05 8.191876446716e-08 4.226848440320e+05 9.813843120223e+02 1.238269213000e+09
250.000000 7.372332763672e+02 7.372332763672e+02 7.372332763672e+02 7.254895629883e+02 3.465656535194e+00 1.452280972645e-05 7.500090578867e-08 4.361657303040e+05 1.010720975285e+03 1.171063260000e+09
252.000000 7.375892333984e+02 7.375892333984e+02 7.375892333984e+02 7.258189086914e+02 3.522160292712e+00 1.417723642968e-05 6.746559579986e-08 4.489698467840e+05 1.038520445435e+03 1.107839364000e+09
254.000000 7.379227905273e+02 7.379227905273e+02 7.379227905273e+02 7.261272583008e+02 3.580695084573e+00 1.382811900567e-05 6.063675390443e-08 4.610385387520e+05 1.064662874043e+03 1.048335014500e+09
256.000000 7.382354736328e+02 7.382354736328e+02 7.382354736328e+02 7.264158325195e+02 3.641801604040e+00 1.345531482536e-05 5.417907972656e-08 4.723202457600e+05 1.089043394428e+03 9.923085880000e+08
258.000000 7.385285034180e+02 7.385285034180e+02 7.385285034180e+02 7.266859741211e+02 3.705352287722e+00 1.307217279148e-05 4.823587184139e-08 4.827708989440e+05 1.111573697598e+03 9.395346790000e+08
260.000000 7.388032226562e+02 7.388032226562e+02 7.388032226562e+02 7.269389038086e+02 3.777267929906e+00 1.288868676334e-05 4.371875438408e-08 4.972780994560e+05 1.143056967635e+03 8.898050995000e+08
262.000000 7.390607299805e+02 7.390607299805e+02 7.390607299805e+02 7.271756591797e+02 3.839748769787e+00 1.229273980397e-05 3.791105810349e-08 5.010438348800e+05 1.150816912998e+03 8.429254465000e+08
264.000000 7.393020629883e+02 7.393020629883e+02 7.393020629883e+02 7.273973999023e+02 3.910987201703e+00 1.189026734705e-05 3.336192700378e-08 5.088203161600e+05 1.167443343912e+03 7.987163005000e+08
266.000000 7.395283813477e+02 7.395283813477e+02 7.395283813477e+02 7.276049194336e+02 3.984888260617e+00 1.148527600074e-05 2.923148071725e-08 5.156749762560e+05 1.182047513161e+03 7.570105965000e+08
268.000000 7.397404785156e+02 7.397404785156e+02 7.397404785156e+02 7.277993164062e+02 4.061115207571e+00 1.108831558040e-05 2.557870643282e-08 5.216082452480e+05 1.194635839909e+03 7.176520942500e+08
270.000000 7.399393920898e+02 7.399393920898e+02 7.399393920898e+02 7.279812622070e+02 4.140431797523e+00 1.068330546359e-05 2.220158625575e-08 5.266302566400e+05 1.205234586621e+03 6.804967527500e+08
272.000000 7.401258544922e+02 7.401258544922e+02 7.401258544922e+02 7.281516723633e+02 4.216165411866e+00 1.034587027753e-05 1.960609215425e-08 5.307611750400e+05 1.213891795681e+03 6.454082877500e+08
274.000000 7.403006591797e+02 7.403006591797e+02 7.403006591797e+02 7.283112182617e+02 4.294435696190e+00 9.999612769234e-06 1.718583055703e-08 5.340313190400e+05 1.220676764213e+03 6.122620165000e+08
276.000000 7.404645996094e+02 7.404645996094e+02 7.404645996094e+02 7.284606933594e+02 4.374421604600e+00 9.662011475159e-06 1.505961077588e-08 5.364817264640e+05 1.225681452930e+03 5.809402792500e+08
278.000000 7.406182861328e+02 7.406182861328e+02 7.406182861328e+02 7.286006469727e+02 4.466062286732e+00 9.488338784162e-06 1.345142375023e-08 5.435471749120e+05 1.240827062325e+03 5.513333277500e+08
280.000000 7.407624511719e+02 7.407624511719e+02 7.407624511719e+02 7.287316894531e+02 4.541702155103e+00 8.988834730284e-06 1.136840198309e-08 5.391497871360e+05 1.230851969268e+03 5.233390710000e+08
282.000000 7.408975830078e+02 7.408975830078e+02 7.408975830078e+02 7.288544311523e+02 4.628838433746e+00 8.664138148947e-06 9.826148631302e-09 5.395234426880e+05 1.231360976076e+03 4.968619010000e+08
284.000000 7.410243530273e+02 7.410243530273e+02 7.410243530273e+02 7.289694213867e+02 4.731929849960e+00 8.510299902089e-06 8.661996124987e-09 5.454971494400e+05 1.244160010516e+03 4.718126150000e+08
286.000000 7.411431884766e+02 7.411431884766e+02 7.411431884766e+02 7.290770874023e+02 4.798958930521e+00 7.968127698509e-06 7.190592111700e-09 5.352205332480e+05 1.221366713971e+03 4.480995521250e+08
288.000000 7.412546997070e+02 7.412546997070e+02 7.412546997070e+02 7.291779785156e+02 4.911097373660e+00 7.836386901302e-06 6.264563913796e-09 5.409277399040e+05 1.233617816184e+03 4.256618690000e+08
290.000000 7.413592529297e+02 7.413592529297e+02 7.413592529297e+02 7.292724609375e+02 5.016368389888e+00 7.572405623768e-06 5.272516808043e-09 5.410011525120e+05 1.233538231343e+03 4.044169577500e+08
292.000000 7.414572753906e+02 7.414572753906e+02 7.414572753906e+02 7.293609619141e+02 5.114071159533e+00 7.182081261034e-06 4.242685513967e-09 5.354451087360e+05 1.221143877939e+03 3.842968171250e+08
294.000000 7.415492553711e+02 7.415492553711e+02 7.415492553711e+02 7.294439086914e+02 5.241508097612e+00 7.071678913580e-06 3.574643508286e-09 5.404847534080e+05 1.231970933262e+03 3.652366530000e+08
296.000000 7.416355590820e+02 7.416355590820e+02 7.416355590820e+02 7.295215454102e+02 5.360985595548e+00 6.838940483015e-06 2.875268286506e-09 5.399002081280e+05 1.230493179042e+03 3.471766240000e+08
298.000000 7.417164916992e+02 7.417164916992e+02 7.417164916992e+02 7.295943603516e+02 5.486355812085e+00 6.611215920460e-06 2.233618339463e-09 5.391062159360e+05 1.228569646897e+03 3.300602901250e+08
300.000000 7.421451416016e+02 7.417924194336e+02 7.417924194336e+02 7.296625366211e+02 5.618175457816e+00 6.395097780832e-06 1.687736672359e-09 5.381033021440e+05 1.225395550817e+03 3.138347159375e+08
302.000000 7.427673339844e+02 7.418636474609e+02 7.418636474609e+02 7.297264404297e+02 9.715229472545e+00 5.742945996422e-06 3.910269527369e-10 5.369019297280e+05 1.221352434889e+03 2.984498087500e+08
304.000000 7.432451171875e+02 7.419304199219e+02 7.419304199219e+02 7.297862548828e+02 1.009109402717e+01 5.587054631775e-06 1.149619059229e-10 5.355014652160e+05 1.217210064069e+03 2.838593450625e+08
306.000000 7.435933837891e+02 7.419931030273e+02 7.419931030273e+02 7.298423461914e+02 1.048372777469e+01 5.436364062642e-06 -1.323638633183e-10 5.339096526080e+05 1.212948815453e+03 2.700193129375e+08
308.000000 7.438341064453e+02 7.420519409180e+02 7.420519409180e+02 7.298949584961e+02 1.089396893279e+01 5.290589663675e-06 -3.533321842731e-10 5.321331772160e+05 1.208531113013e+03 2.568882458125e+08
310.000000 7.439901123047e+02 7.421071166992e+02 7.421071166992e+02 7.299442138672e+02 1.132264320339e+01 5.149418412826e-06 -5.500689552040e-10 5.301764322560e+05 1.203912991180e+03 2.444274911250e+08
312.000000 7.440821533203e+02 7.421588745117e+02 7.421588745117e+02 7.299903564453e+02 1.177061847256e+01 5.012593137317e-06 -7.245483310883e-10 5.280462703360e+05 1.199061053775e+03 2.326007060938e+08
314.000000 7.441278686523e+02 7.422074584961e+02 7.422074584961e+02 7.300336303711e+02 1.223873645159e+01 4.879843785592e-06 -8.785722019893e-10 5.257471179520e+05 1.193944073966e+03 2.213735680000e+08
316.000000 7.441409301758e+02 7.422530517578e+02 7.422530517578e+02 7.300741577148e+02 1.272786301581e+01 4.750937768412e-06 -1.013829539111e-09 5.232841736960e+05 1.188541775217e+03 2.107134279375e+08
318.000000 7.441306762695e+02 7.422958374023e+02 7.422958374023e+02 7.301121215820e+02 1.323890206337e+01 4.625728156256e-06 -1.131931891297e-09 5.206661706240e+05 1.182851534870e+03 2.005901698438e+08
320.000000 7.441047363281e+02 7.425305175781e+02 7.423359985352e+02 7.301477661133e+02 1.377272427642e+01 4.504019606248e-06 -1.234328221032e-09 5.178975616000e+05 1.176865429793e+03 1.909750727500e+08
322.000000 7.440679321289e+02 7.430045166016e+02 7.423736572266e+02 7.301811523438e+02 1.435946840194e+01 4.384824470766e-06 -1.323041999924e-09 5.149862752000e+05 1.170589501910e+03 1.818408530312e+08
324.000000 7.440239868164e+02 7.434786376953e+02 7.424089965820e+02 7.302124023438e+02 1.497428153120e+01 4.268903843853e-06 -1.398579768590e-09 5.119365710080e+05 1.164024342356e+03 1.731622790000e+08
326.000000 7.439752807617e+02 7.439527587891e+02 7.424421997070e+02 7.302417602539e+02 1.561838977061e+01 4.156142648138e-06 -1.462133568251e-09 5.087554059520e+05 1.157179473491e+03 1.649153336719e+08
328.000000 7.444268798828e+02 7.444268798828e+02 7.424733276367e+02 7.302692260742e+02 1.629595838315e+01 4.044018642947e-06 -1.510401533183e-09 5.054490909440e+05 1.148989963888e+03 1.570771957344e+08
330.000000 7.449009399414e+02 7.449009399414e+02 7.425025634766e+02 7.302950439453e+02 1.700556550932e+01 3.934780577215e-06 -1.548740033347e-09 5.020244130560e+05 1.140506102221e+03 1.496265482031e+08
332.000000 7.453750000000e+02 7.453750000000e+02 7.425299682617e+02 7.303192138672e+02 1.774842283544e+01 3.828437339039e-06 -1.578283449923e-09 4.984869880320e+05 1.131788843935e+03 1.425432543438e+08
334.000000 7.458491210938e+02 7.458491210938e+02 7.425557250977e+02 7.303418579102e+02 1.852602685388e+01 3.724931943673e-06 -1.599926453619e-09 4.948454964480e+05 1.122857375566e+03 1.358082510156e+08
336.000000 7.463232421875e+02 7.463232421875e+02 7.425798950195e+02 7.303630981445e+02 1.933974323631e+01 3.624134618552e-06 -1.614420569746e-09 4.911023567360e+05 1.113717442328e+03 1.294034526875e+08
338.000000 7.467973022461e+02 7.467973022461e+02 7.426026000977e+02 7.303829956055e+02 2.019114381819e+01 3.525978417480e-06 -1.622506639360e-09 4.872645623040e+05 1.104384725520e+03 1.233118448281e+08
340.000000 7.472713623047e+02 7.472713623047e+02 7.426239013672e+02 7.304016723633e+02 2.108186583789e+01 3.430407863986e-06 -1.624870415535e-09 4.833396610560e+05 1.094875818368e+03 1.175174862969e+08
342.000000 7.477454223633e+02 7.477454223633e+02 7.426439208984e+02 7.304191894531e+02 2.201361737282e+01 3.337352892791e-06 -1.622129904870e-09 4.793338456320e+05 1.085204448948e+03 1.120050172188e+08
344.000000 7.482194824219e+02 7.482194824219e+02 7.426627197266e+02 7.304356079102e+02 2.298808983051e+01 3.246727977585e-06 -1.614830969285e-09 4.752514859520e+05 1.075380346129e+03 1.067600430078e+08
346.000000 7.486935424805e+02 7.486935424805e+02 7.426803588867e+02 7.304509887695e+02 2.400704602876e+01 3.158470363576e-06 -1.603487385722e-09 4.710982858240e+05 1.065416110064e+03 1.017692319531e+08
348.000000 7.491675415039e+02 7.491675415039e+02 7.426968994141e+02 7.304654541016e+02 2.507247447464e+01 3.072524219723e-06 -1.588582928324e-09 4.668806400000e+05 1.055325928110e+03 9.701939497656e+07
350.000000 7.496415405273e+02 7.496415405273e+02 7.427124633789e+02 7.304790039062e+02 2.618631284356e+01 2.988834172714e-06 -1.570550458351e-09 4.626042868480e+05 1.045122288355e+03 9.249856960938e+07
352.000000 7.501155395508e+02 7.501155395508e+02 7.427270507812e+02 7.304916992188e+02 2.735063230935e+01 2.907341479024e-06 -1.549784466798e-09 4.582745207040e+05 1.034816806391e+03 8.819517466406e+07
354.000000 7.505894775391e+02 7.505894775391e+02 7.427407226562e+02 7.305036010742e+02 2.856757694663e+01 2.827993967839e-06 -1.526648396143e-09 4.538968067840e+05 1.024421556041e+03 8.409832466406e+07
356.000000 7.510634155273e+02 7.510634155273e+02 7.427536010742e+02 7.305147705078e+02 2.983949554573e+01 2.750751401002e-06 -1.501484984575e-09 4.494775427840e+05 1.013950372196e+03 8.019762822266e+07
358.000000 7.515372924805e+02 7.515372924805e+02 7.427656860352e+02 7.305252685547e+02 3.116850813435e+01 2.675531693285e-06 -1.474562084856e-09 4.450186867200e+05 1.003407670620e+03 7.648338250000e+07
360.000000 7.520111083984e+02 7.520111083984e+02 7.427770385742e+02 7.305350952148e+02 3.255718243122e+01 2.602310681762e-06 -1.446177741295e-09 4.405274232320e+05 9.928090579717e+02 7.294634683984e+07
362.000000 7.524848632812e+02 7.524848632812e+02 7.427877197266e+02 7.305443115234e+02 3.400802572765e+01 2.531026483742e-06 -1.416567820023e-09 4.360071793920e+05 9.821619751537e+02 6.957758765625e+07
364.000000 7.529585571289e+02 7.529585571289e+02 7.427977294922e+02 7.305529174805e+02 3.552385503432e+01 2.461665478838e-06 -1.385988388958e-09 4.314656061440e+05 9.714829860044e+02 6.636891446875e+07
366.000000 7.534321899414e+02 7.534321899414e+02 7.428071289062e+02 7.305610351562e+02 3.710730629917e+01 2.394126654537e-06 -1.354588195986e-09 4.269015549440e+05 9.607695911628e+02 6.331238371875e+07
368.000000 7.539056396484e+02 7.539056396484e+02 7.428159790039e+02 7.305686645508e+02 3.876263556622e+01 2.328417974874e-06 -1.322603765144e-09 4.223244515840e+05 9.500423661247e+02 6.040048803516e+07
370.000000 7.543789672852e+02 7.543789672852e+02 7.428242797852e+02 7.305758056641e+02 4.049115472906e+01 2.264471310420e-06 -1.290174920680e-09 4.177356497920e+05 9.393040807256e+02 5.762620139844e+07
372.000000 7.548521728516e+02 7.548521728516e+02 7.428320312500e+02 7.305825195312e+02 4.229610544420e+01 2.202256592341e-06 -1.257463393045e-09 4.131402913280e+05 9.285657894098e+02 5.498271581836e+07
374.000000 7.553251342773e+02 7.553251342773e+02 7.428393554688e+02 7.305888061523e+02 4.418061516749e+01 2.141734612676e-06 -1.224603654501e-09 4.085421465600e+05 9.178357708437e+02 5.246375192188e+07
376.000000 7.557979125977e+02 7.557979125977e+02 7.428462524414e+02 7.305946655273e+02 4.614820949370e+01 2.082872166489e-06 -1.191722935199e-09 4.039456248320e+05 9.071233542584e+02 5.006315186133e+07
378.000000 7.562702636719e+02 7.562702636719e+02 7.428527221680e+02 7.306002197266e+02 4.820216387272e+01 2.025612246709e-06 -1.158910936075e-09 3.993521226240e+05 8.964318580689e+02 4.777515963477e+07
380.000000 7.567423095703e+02 7.567423095703e+02 7.428587646484e+02 7.306054077148e+02 5.034623675556e+01 1.969932868185e-06 -1.126277321258e-09 3.947666457600e+05 8.857717660937e+02 4.559439349609e+07
382.000000 7.572139282227e+02 7.572139282227e+02 7.428645019531e+02 7.306102905273e+02 5.258419496181e+01 1.915790294401e-06 -1.093900818892e-09 3.901916398080e+05 8.751484259118e+02 4.351559075391e+07
384.000000 7.576849365234e+02 7.576849365234e+02 7.428698120117e+02 7.306148681641e+02 5.492022907886e+01 1.863165977260e-06 -1.061872435546e-09 3.856320529920e+05 8.645726562678e+02 4.153386976562e+07
386.000000 7.581553344727e+02 7.581553344727e+02 7.428748779297e+02 7.306191406250e+02 5.736440778361e+01 1.811992221493e-06 -1.030228630261e-09 3.810874071040e+05 8.540432705314e+02 3.964456390625e+07
388.000000 7.586248779297e+02 7.586248779297e+02 7.428795776367e+02 7.306231689453e+02 5.992708801440e+01 1.762252891247e-06 -9.990458087559e-10 3.765627164160e+05 8.435712866434e+02 3.784323127148e+07
390.000000 7.590934448242e+02 7.590934448242e+02 7.428840332031e+02 7.306269531250e+02 6.260228087066e+01 1.713911614719e-06 -9.683677674772e-10 3.720597783040e+05 8.331605778587e+02 3.612563173926e+07
392.000000 7.595607910156e+02 7.595607910156e+02 7.428882446289e+02 7.306304931641e+02 6.539494134336e+01 1.666943824453e-06 -9.382449972867e-10 3.675820705280e+05 8.228188018470e+02 3.448774015918e+07
394.000000 7.600266723633e+02 7.600266723633e+02 7.428921508789e+02 7.306338500977e+02 6.830970833761e+01 1.621304888978e-06 -9.087018036394e-10 3.631304038400e+05 8.125478509695e+02 3.292582821680e+07
396.000000 7.604908447266e+02 7.604908447266e+02 7.428958129883e+02 7.306369628906e+02 7.135235565297e+01 1.576983275474e-06 -8.797875655787e-10 3.587095342080e+05 8.023580808929e+02 3.143619313281e+07
398.000000 7.609527587891e+02 7.609527587891e+02 7.428992919922e+02 7.306398925781e+02 7.452783850362e+01 1.533927582986e-06 -8.515090349088e-10 3.543189864960e+05 7.922490118321e+02 3.001541213086e+07
400.000000 7.614122314453e+02 7.614122314453e+02 7.429025878906e+02 7.306426391602e+02 7.784185653488e+01 1.492112823930e-06 -8.238912345348e-10 3.499614269440e+05 7.822263554015e+02 2.866024292383e+07
402.000000 7.618685913086e+02 7.618685913086e+02 7.429056396484e+02 7.306452026367e+02 8.130032136258e+01 1.451509434413e-06 -7.969509101918e-10 3.456386744320e+05 7.722946697354e+02 2.736756171777e+07
404.000000 7.623212890625e+02 7.623212890625e+02 7.429085083008e+02 7.306476440430e+02 8.490979252529e+01 1.412098681294e-06 -7.707097376855e-10 3.413538383360e+05 7.624610634846e+02 2.613438457031e+07
406.000000 7.627695312500e+02 7.627695312500e+02 7.429111938477e+02 7.306499023438e+02 8.867586949316e+01 1.373830992131e-06 -7.451580300648e-10 3.371057203200e+05 7.527236868273e+02 2.495794210107e+07
408.000000 7.632126464844e+02 7.632126464844e+02 7.429137573242e+02 7.306520996094e+02 9.260566666650e+01 1.336690940549e-06 -7.203126129672e-10 3.328974740480e+05 7.430898156942e+02 2.383554916162e+07
410.000000 7.636496582031e+02 7.636496582031e+02 7.429161376953e+02 7.306540527344e+02 9.670605008332e+01 1.300646880947e-06 -6.961730741441e-10 3.287298995200e+05 7.335620320361e+02 2.276463029980e+07
412.000000 7.640794677734e+02 7.640794677734e+02 7.429183959961e+02 7.306559448242e+02 1.009843409050e+02 1.265676071967e-06 -6.727432974754e-10 3.246047610880e+05 7.241450823798e+02 2.174279780127e+07
414.000000 7.645010375977e+02 7.645010375977e+02 7.429205322266e+02 7.306577148438e+02 1.054479448403e+02 1.231748368249e-06 -6.500182326908e-10 3.205227166720e+05 7.148411893284e+02 2.076774047021e+07
416.000000 7.649130859375e+02 7.649130859375e+02 7.429224853516e+02 7.306594238281e+02 1.101049463633e+02 1.198841006585e-06 -6.279967677174e-10 3.164852364800e+05 7.056545659525e+02 1.983724415576e+07
418.000000 7.653143310547e+02 7.653143310547e+02 7.429243774414e+02 7.306609497070e+02 1.149637566307e+02 1.166933740652e-06 -6.066772476405e-10 3.124940032000e+05 6.965898024386e+02 1.894923960547e+07
420.000000 7.657034912109e+02 7.657034912109e+02 7.429260864258e+02 7.306624145508e+02 1.200319051964e+02 1.135983929204e-06 -5.860376763386e-10 3.085473576960e+05 6.876442525359e+02 1.810175835205e+07
422.000000 7.660792846680e+02 7.660792846680e+02 7.429277343750e+02 7.306638183594e+02 1.253194729274e+02 1.105985214562e-06 -5.660841300714e-10 3.046487324160e+05 6.788261130292e+02 1.729287666406e+07
424.000000 7.664406127930e+02 7.664406127930e+02 7.429293212891e+02 7.306651000977e+02 1.308350560693e+02 1.076903610148e-06 -5.467981205320e-10 3.007974597120e+05 6.701345050581e+02 1.652082259619e+07
426.000000 7.667863159180e+02 7.667863159180e+02 7.429307861328e+02 7.306663208008e+02 1.365880630301e+02 1.048708842442e-06 -5.281632368295e-10 2.969932451840e+05 6.615693727610e+02 1.578386119238e+07
428.000000 7.671157226562e+02 7.671157226562e+02 7.429321289062e+02 7.306674194336e+02 1.425891388046e+02 1.021389663943e-06 -5.101762774727e-10 2.932385904640e+05 6.531360220100e+02 1.508039025537e+07
430.000000 7.686064453125e+02 7.674284057617e+02 7.429334106445e+02 7.306685180664e+02 1.488548522905e+02 9.929546270493e-07 -4.907059640100e-10 2.895319480320e+05 6.434623608840e+02 1.440882391138e+07
432.000000 7.702873535156e+02 7.677240600586e+02 7.429346313477e+02 7.306695556641e+02 1.553910533230e+02 9.651053857560e-07 -4.716530661811e-10 2.858748165120e+05 6.337238428938e+02 1.376769266394e+07
434.000000 7.719813842773e+02 7.680029296875e+02 7.429357910156e+02 7.306704711914e+02 1.622076243660e+02 9.381154356095e-07 -4.533232407866e-10 2.822670661120e+05 6.241285718236e+02 1.315560853223e+07
436.000000 7.736871948242e+02 7.682654418945e+02 7.429368896484e+02 7.306713867188e+02 1.693169317928e+02 9.119665607128e-07 -4.357004773795e-10 2.787096463360e+05 6.146795670821e+02 1.257121231799e+07
438.000000 7.754022827148e+02 7.685124511719e+02 7.429378662109e+02 7.306721801758e+02 1.767308001549e+02 8.866312326037e-07 -4.187616824701e-10 2.752016363520e+05 6.053770086732e+02 1.201321283337e+07
440.000000 7.771251831055e+02 7.687449951172e+02 7.429388427734e+02 7.306729736328e+02 1.844629101887e+02 8.620996739447e-07 -4.024956001562e-10 2.717451338240e+05 5.962261654499e+02 1.148042094568e+07
442.000000 7.788542480469e+02 7.689641113281e+02 7.429396972656e+02 7.306737060547e+02 1.925252231331e+02 8.383354930698e-07 -3.868714473232e-10 2.683377620480e+05 5.872229207215e+02 1.097166156641e+07
444.000000 7.805889892578e+02 7.691712036133e+02 7.429405517578e+02 7.306743774414e+02 2.009329449447e+02 8.153268620390e-07 -3.718754600517e-10 2.649813521920e+05 5.783707312488e+02 1.048582287939e+07
446.000000 7.823278198242e+02 7.693673706055e+02 7.429413452148e+02 7.306750488281e+02 2.096989223499e+02 7.930406700234e-07 -3.574789802677e-10 2.616737676800e+05 5.696657798731e+02 1.002185458484e+07
448.000000 7.840702514648e+02 7.695541381836e+02 7.429420776367e+02 7.306756591797e+02 2.188387674400e+02 7.714619693017e-07 -3.436656690729e-10 2.584160788480e+05 5.611097955892e+02 9.578761049316e+06
450.000000 7.858154907227e+02 7.697326049805e+02 7.429428100586e+02 7.306762084961e+02 2.283686175320e+02 7.505714975700e-07 -3.304162086603e-10 2.552084712960e+05 5.527029098816e+02 9.155577568054e+06
452.000000 7.875628662109e+02 7.699039916992e+02 7.429434204102e+02 7.306767578125e+02 2.383045797536e+02 7.303498978108e-07 -3.177110705087e-10 2.520510159360e+05 5.444448475320e+02 8.751405673950e+06
454.000000 7.893123168945e+02 7.700691528320e+02 7.429440307617e+02 7.306773071289e+02 2.486632037997e+02 7.107716524452e-07 -3.055266288038e-10 2.489427008000e+05 5.363324757147e+02 8.365360086487e+06
456.000000 7.910633544922e+02 7.702291259766e+02 7.429446411133e+02 7.306777343750e+02 2.594614980841e+02 6.918148926766e-07 -2.938420134434e-10 2.458828986880e+05 5.283638783462e+02 7.996618385315e+06
458.000000 7.928158569336e+02 7.703847656250e+02 7.429451904297e+02 7.306782226562e+02 2.707192078543e+02 6.734680737664e-07 -2.826431153306e-10 2.428728576000e+05 5.205406633673e+02 7.644391859192e+06
460.000000 7.945691528320e+02 7.705367431641e+02 7.429456787109e+02 7.306786499023e+02 2.824539117188e+02 6.557052420522e-07 -2.719067923949e-10 2.399109173760e+05 5.128589240559e+02 7.307926384460e+06
462.000000 7.963231201172e+02 7.706856079102e+02 7.429461669922e+02 7.306790161133e+02 2.946848787542e+02 6.385065054171e-07 -2.616139723264e-10 2.369965056000e+05 5.053165054866e+02 6.986507184753e+06
464.000000 7.980774536133e+02 7.708318481445e+02 7.429466552734e+02 7.306793823242e+02 3.074355995269e+02 6.218654660825e-07 -2.517542555958e-10 2.341315215360e+05 4.979164833253e+02 6.679442464935e+06
466.000000 7.998325195312e+02 7.709760742188e+02 7.429470825195e+02 7.306797485352e+02 3.207248927780e+02 6.057546708829e-07 -2.423040992338e-10 2.313138065920e+05 4.906530331533e+02 6.386086376953e+06
468.000000 8.015878295898e+02 7.711184692383e+02 7.429474487305e+02 7.306800537109e+02 3.345745954464e+02 5.901561697704e-07 -2.332464758355e-10 2.285427197440e+05 4.835242108885e+02 6.105817758972e+06
470.000000 8.033439331055e+02 7.712593994141e+02 7.429478759766e+02 7.306803588867e+02 3.490076587947e+02 5.750508210035e-07 -2.245637363314e-10 2.258174604800e+05 4.765268909801e+02 5.838029227081e+06
472.000000 8.050993041992e+02 7.713991699219e+02 7.429482421875e+02 7.306806640625e+02 3.640479340609e+02 5.604279452022e-07 -2.162438993887e-10 2.231384000000e+05 4.696620563339e+02 5.582173289856e+06
474.000000 8.068549804688e+02 7.715379028320e+02 7.429485473633e+02 7.306809082031e+02 3.797209930420e+02 5.462710432770e-07 -2.082712533903e-10 2.205051560960e+05 4.629270484152e+02 5.337699171875e+06
476.000000 8.086101074219e+02 7.716758422852e+02 7.429488525391e+02 7.306812133789e+02 3.960510353245e+02 5.325612651151e-07 -2.006294016913e-10 2.179163502080e+05 4.563187551904e+02 5.104090527100e+06
478.000000 8.103661499023e+02 7.718131103516e+02 7.429491577148e+02 7.306814575195e+02 4.130673339062e+02 5.192920797380e-07 -1.933088134833e-10 2.153735216640e+05 4.498381379179e+02 4.880868778641e+06
480.000000 8.121209716797e+02 7.719498291016e+02 7.429494628906e+02 7.306816406250e+02 4.307937294132e+02 5.064393238722e-07 -1.862908750422e-10 2.128736995840e+05 4.434798955025e+02 4.667554058746e+06
482.000000 8.138765258789e+02 7.720860595703e+02 7.429497070312e+02 7.306818847656e+02 4.492629292040e+02 4.939970046928e-07 -1.795667694044e-10 2.104184455680e+05 4.372447075822e+02 4.463699454865e+06
484.000000 8.156311035156e+02 7.722219238281e+02 7.429499511719e+02 7.306820678711e+02 4.685019806854e+02 4.819463157624e-07 -1.731213915085e-10 2.080057756160e+05 4.311289395627e+02 4.268874874130e+06
486.000000 8.173855590820e+02 7.723574829102e+02 7.429501953125e+02 7.306822509766e+02 4.885398319140e+02 4.702725571754e-07 -1.669417943192e-10 2.056349227520e+05 4.251294967788e+02 4.082685726959e+06
488.000000 8.191394653320e+02 7.724928588867e+02 7.429504394531e+02 7.306824340820e+02 5.094123171692e+02 4.589687607571e-07 -1.610196790043e-10 2.033065543680e+05 4.192471064392e+02 3.904731782974e+06
490.000000 8.208930053711e+02 7.726279907227e+02 7.429506225586e+02 7.306826171875e+02 5.311488976099e+02 4.480180041077e-07 -1.553414996617e-10 2.010190881280e+05 4.134775917572e+02 3.734650251694e+06
492.000000 8.226456298828e+02 7.727629394531e+02 7.429508056641e+02 7.306827392578e+02 5.537836980133e+02 4.374091883933e-07 -1.498972108002e-10 1.987720368640e+05 4.078194913506e+02 3.572087909027e+06
494.000000 8.243980102539e+02 7.728977050781e+02 7.429509887695e+02 7.306829223633e+02 5.773560052623e+02 4.271359021066e-07 -1.446792148268e-10 1.965661475840e+05 4.022729432459e+02 3.416703790367e+06
496.000000 8.261495971680e+02 7.730324096680e+02 7.429511718750e+02 7.306830444336e+02 6.018969856703e+02 4.171791568634e-07 -1.396738302823e-10 1.943989016320e+05 3.968325054400e+02 3.268175416580e+06
498.000000 8.279009399414e+02 7.731670532227e+02 7.429513549805e+02 7.306831665039e+02 6.274481415201e+02 4.075338059795e-07 -1.348745532888e-10 1.922711436800e+05 3.914986422149e+02 3.126196812729e+06
500.000000 8.296503295898e+02 7.733015747070e+02 7.429514770508e+02 7.306832885742e+02 6.540479411562e+02 3.981893651304e-07 -1.302726059624e-10 1.901820158720e+05 3.862699628104e+02 2.990473892876e+06
502.000000 8.313992309570e+02 7.734360351562e+02 7.429516601562e+02 7.306834106445e+02 6.817337207639e+02 3.891314385672e-07 -1.258571337180e-10 1.881301123840e+05 3.811419455777e+02 2.860727200912e+06
504.000000 8.331469726562e+02 7.735704345703e+02 7.429517822266e+02 7.306835327148e+02 7.105500384870e+02 3.803552691658e-07 -1.216224786604e-10 1.861159714560e+05 3.761152831435e+02 2.736692683342e+06
506.000000 8.348935546875e+02 7.737048339844e+02 7.429519042969e+02 7.306835937500e+02 7.405390633992e+02 3.718494633564e-07 -1.175598362377e-10 1.841385290240e+05 3.711871163930e+02 2.618112057106e+06
508.000000 8.366394653320e+02 7.738391723633e+02 7.429520263672e+02 7.306837158203e+02 7.717508594057e+02 3.636099710952e-07 -1.136640407251e-10 1.821985807360e+05 3.663579183073e+02 2.504741632690e+06
510.000000 8.383833618164e+02 7.739735107422e+02 7.429521484375e+02 7.306837768555e+02 8.042197109631e+02 3.556181488984e-07 -1.099233920628e-10 1.802928181760e+05 3.616213441567e+02 2.396349991913e+06
512.000000 8.401253662109e+02 7.741078491211e+02 7.429522094727e+02 7.306838989258e+02 8.379950037800e+02 3.478672221089e-07 -1.063318886086e-10 1.784210995200e+05 3.569763075916e+02 2.292711973534e+06
514.000000 8.418658447266e+02 7.742420654297e+02 7.429523315430e+02 7.306839599609e+02 8.731301087576e+02 3.403548984875e-07 -1.028856658725e-10 1.765844506880e+05 3.524238397170e+02 2.193621910843e+06
516.000000 8.436041870117e+02 7.743763427734e+02 7.429524536133e+02 7.306840209961e+02 9.096766196760e+02 3.330736231266e-07 -9.957863585365e-11 1.747823383040e+05 3.479625435364e+02 2.098874251572e+06
518.000000 8.453408203125e+02 7.745106201172e+02 7.429525146484e+02 7.306841430664e+02 9.476781560227e+02 3.260100752510e-07 -9.640220010499e-11 1.730127413760e+05 3.435875897157e+02 2.008277492771e+06
520.000000 8.470745239258e+02 7.746448364258e+02 7.429525756836e+02 7.306842041016e+02 9.871894341397e+02 3.191584794148e-07 -9.335148039994e-11 1.712753468160e+05 3.392983831639e+02 1.921644569313e+06
522.000000 8.488063964844e+02 7.747790527344e+02 7.429526977539e+02 7.306842651367e+02 1.028281747754e+03 3.125218908591e-07 -9.042535354697e-11 1.695725834240e+05 3.350982488000e+02 1.838798997730e+06
524.000000 8.505346069336e+02 7.749132690430e+02 7.429527587891e+02 7.306843261719e+02 1.070982413582e+03 3.060768294207e-07 -8.761146438993e-11 1.678990549760e+05 3.309772399699e+02 1.759575935356e+06
526.000000 8.522598876953e+02 7.750474853516e+02 7.429528198242e+02 7.306843261719e+02 1.115368074419e+03 2.998277363832e-07 -8.490957440317e-11 1.662574095360e+05 3.269393272742e+02 1.683812311028e+06
528.000000 8.539816284180e+02 7.751817016602e+02 7.429528808594e+02 7.306843872070e+02 1.161484525266e+03 2.937615901781e-07 -8.231212142286e-11 1.646451594240e+05 3.229794676141e+02 1.611355945702e+06
530.000000 8.556995849609e+02 7.753159179688e+02 7.429529418945e+02 7.306844482422e+02 1.209399860104e+03 2.878769903487e-07 -7.981658995769e-11 1.630631054080e+05 3.190986604252e+02 1.542060670454e+06
532.000000 8.574127197266e+02 7.754500732422e+02 7.429530029297e+02 7.306845092773e+02 1.259179746961e+03 2.821705116583e-07 -7.741970901204e-11 1.615113496320e+05 3.152969837889e+02 1.475787805187e+06
534.000000 8.591221923828e+02 7.755842895508e+02 7.429530639648e+02 7.306845703125e+02 1.310877383548e+03 2.766295876754e-07 -7.511441513623e-11 1.599875569920e+05 3.115688157078e+02 1.412399503941e+06
536.000000 8.608258056641e+02 7.757185058594e+02 7.429531250000e+02 7.306845703125e+02 1.364563204498e+03 2.712537532931e-07 -7.289895016554e-11 1.584924314880e+05 3.079159707250e+02 1.351771687809e+06
538.000000 8.625244140625e+02 7.758527221680e+02 7.429531860352e+02 7.306846313477e+02 1.420301038509e+03 2.660366522338e-07 -7.076902851659e-11 1.570253095040e+05 3.043361511149e+02 1.293783338192e+06
540.000000 8.642162475586e+02 7.759868774414e+02 7.429532470703e+02 7.306846313477e+02 1.478159185466e+03 2.609734713932e-07 -6.872124731741e-11 1.555855996160e+05 3.008285063822e+02 1.238315659777e+06
542.000000 8.659016723633e+02 7.761210937500e+02 7.429532470703e+02 7.306846923828e+02 1.538209371186e+03 2.560602403260e-07 -6.675248938591e-11 1.541732001920e+05 2.973920500147e+02 1.185258437645e+06
544.000000 8.675794677734e+02 7.762553100586e+02 7.429533081055e+02 7.306847534180e+02 1.600511750810e+03 2.512885146528e-07 -6.485807054526e-11 1.527863836800e+05 2.940235499768e+02 1.134503644942e+06
546.000000 8.692499389648e+02 7.763895263672e+02 7.429533691406e+02 7.306847534180e+02 1.665140874228e+03 2.466568466078e-07 -6.303603501243e-11 1.514257197440e+05 2.907233218426e+02 1.085954214744e+06
548.000000 8.709113159180e+02 7.765236816406e+02 7.429533691406e+02 7.306848144531e+02 1.732169976091e+03 2.421602197324e-07 -6.128322109237e-11 1.500903905920e+05 2.874900807369e+02 1.039509621290e+06
550.000000 8.725626831055e+02 7.766578979492e+02 7.429534301758e+02 7.306848144531e+02 1.801673739493e+03 2.377948086775e-07 -5.959694520852e-11 1.487800184320e+05 2.843229463146e+02 9.950768518744e+05
552.000000 8.742034301758e+02 7.767920532227e+02 7.429534301758e+02 7.306848144531e+02 1.873720819560e+03 2.335563665795e-07 -5.797441487448e-11 1.474940909440e+05 2.812206504627e+02 9.525702490425e+05
554.000000 8.758330688477e+02 7.769262695312e+02 7.429534912109e+02 7.306848754883e+02 1.948386965486e+03 2.294409315906e-07 -5.641300734373e-11 1.462321655040e+05 2.781820045087e+02 9.119042074051e+05
556.000000 8.774503784180e+02 7.770604858398e+02 7.429534912109e+02 7.306848754883e+02 2.025753134519e+03 2.254453345625e-07 -5.491048941653e-11 1.449939379840e+05 2.752063997029e+02 8.729962306805e+05
558.000000 8.790546875000e+02 7.771947021484e+02 7.429535522461e+02 7.306848754883e+02 2.105876974148e+03 2.215630503054e-07 -5.346343919873e-11 1.437780260480e+05 2.722910136863e+02 8.357718656707e+05
560.000000 8.806442260742e+02 7.773287963867e+02 7.429535522461e+02 7.306849365234e+02 2.188862499249e+03 2.177959869685e-07 -5.207159844659e-11 1.425856793600e+05 2.694383015492e+02 8.001546313138e+05
562.000000 8.822183837891e+02 7.774630126953e+02 7.429535522461e+02 7.306849365234e+02 2.274764765993e+03 2.141371078520e-07 -5.073146784453e-11 1.414152918400e+05 2.666449999377e+02 7.660768980947e+05
564.000000 8.837754516602e+02 7.775972290039e+02 7.429536132812e+02 7.306849365234e+02 2.363666850752e+03 2.105840813438e-07 -4.944134645311e-11 1.402666634880e+05 2.639108753987e+02 7.334696311369e+05
566.000000 8.853142089844e+02 7.777314453125e+02 7.429536132812e+02 7.306849975586e+02 2.455655698300e+03 2.071356437774e-07 -4.819992208323e-11 1.391399981440e+05 2.612362067181e+02 7.022683892875e+05
568.000000 8.868339233398e+02 7.778656616211e+02 7.429536743164e+02 7.306849975586e+02 2.550776495078e+03 2.037831083567e-07 -4.700332745735e-11 1.380329781760e+05 2.586165109187e+02 6.724119472499e+05
570.000000 8.883323364258e+02 7.779997558594e+02 7.429536743164e+02 7.306849975586e+02 2.649146789512e+03 2.005313269137e-07 -4.585249519065e-11 1.369477492480e+05 2.560559900434e+02 6.438414807348e+05
572.000000 8.898087768555e+02 7.781339721680e+02 7.429536743164e+02 7.306849975586e+02 2.750802406773e+03 1.973713977749e-07 -4.474358463990e-11 1.358818571520e+05 2.535498902267e+02 6.165021297421e+05
574.000000 8.912612915039e+02 7.782681884766e+02 7.429536743164e+02 7.306850585938e+02 2.855835087268e+03 1.943029380049e-07 -4.367577993816e-11 1.348356353280e+05 2.510989989668e+02 5.903387993901e+05
576.000000 8.926896362305e+02 7.784024047852e+02 7.429537353516e+02 7.306850585938e+02 2.964331602940e+03 1.913252512130e-07 -4.264810959289e-11 1.338094887680e+05 2.487035460566e+02 5.653004857271e+05
578.000000 8.940907592773e+02 7.785366210938e+02 7.429537353516e+02 7.306850585938e+02 3.076344777174e+03 1.884333865320e-07 -4.165831246773e-11 1.328019908160e+05 2.463615693422e+02 5.413380768907e+05
580.000000 8.954641723633e+02 7.786707153320e+02 7.429537353516e+02 7.306850585938e+02 3.191947989851e+03 1.856251745668e-07 -4.070500987931e-11 1.318129464000e+05 2.440723164616e+02 5.184048199244e+05
582.000000 8.968079833984e+02 7.788049316406e+02 7.429537353516e+02 7.306850585938e+02 3.311213330542e+03 1.828988897847e-07 -3.978704775404e-11 1.308421552000e+05 2.418355632974e+02 4.964558249679e+05
584.000000 8.981213989258e+02 7.789391479492e+02 7.429537963867e+02 7.306850585938e+02 3.434217212834e+03 1.802536866395e-07 -3.890354516574e-11 1.298898391360e+05 2.396514180559e+02 4.754487787502e+05
586.000000 8.994025268555e+02 7.790733642578e+02 7.429537963867e+02 7.306851196289e+02 3.561016959883e+03 1.776862494745e-07 -3.805288498257e-11 1.289551862720e+05 2.375185601017e+02 4.553422575765e+05
588.000000 9.006520996094e+02 7.792075195312e+02 7.429537963867e+02 7.306851196289e+02 3.691661856767e+03 1.751926798353e-07 -3.723322551885e-11 1.280373999040e+05 2.354347407347e+02 4.360972865088e+05
590.000000 9.018662109375e+02 7.793416748047e+02 7.429537963867e+02 7.306851196289e+02 3.826226934344e+03 1.727733973153e-07 -3.644427283309e-11 1.271367973120e+05 2.334013882966e+02 4.176763419670e+05
592.000000 9.030456542969e+02 7.794758911133e+02 7.429537963867e+02 7.306851196289e+02 3.964749456209e+03 1.704244096867e-07 -3.568421649344e-11 1.262525061120e+05 2.314161135450e+02 4.000441608084e+05
594.000000 9.041891479492e+02 7.796101074219e+02 7.429537963867e+02 7.306851196289e+02 4.107321179369e+03 1.681471667407e-07 -3.495304562656e-11 1.253854751360e+05 2.294805098666e+02 3.831657396915e+05
596.000000 9.052965698242e+02 7.797443237305e+02 7.429538574219e+02 7.306851196289e+02 4.253930223153e+03 1.659341070044e-07 -3.424793341359e-11 1.245333297600e+05 2.275899035718e+02 3.670087737479e+05
598.000000 9.063670043945e+02 7.798784179688e+02 7.429538574219e+02 7.306851196289e+02 4.404659490757e+03 1.637875026452e-07 -3.356916303734e-11 1.236973298240e+05 2.257463266014e+02 3.515424337533e+05
600.000000 9.074009399414e+02 7.800126342773e+02 7.429538574219e+02 7.306851196289e+02 4.559550802347e+03 1.617051335884e-07 -3.291560174052e-11 1.228771489280e+05 2.239485366425e+02 3.367364312406e+05
602.000000 9.083967895508e+02 7.801468505859e+02 7.429538574219e+02 7.306851196289e+02 4.718595207666e+03 1.596815846006e-07 -3.228523896105e-11 1.220709908160e+05 2.221934455814e+02 3.225619223071e+05
604.000000 9.093558349609e+02 7.802810668945e+02 7.429538574219e+02 7.306851806641e+02 4.881860476393e+03 1.577187011203e-07 -3.167821623411e-11 1.212801262720e+05 2.204823837825e+02 3.089921949770e+05
606.000000 9.102775268555e+02 7.804152832031e+02 7.429538574219e+02 7.306851806641e+02 5.049370985842e+03 1.558143188012e-07 -3.109352552746e-11 1.205040824640e+05 2.188142633488e+02 2.960005747591e+05
608.000000 9.111636962891e+02 7.805494384766e+02 7.429538574219e+02 7.306851806641e+02 5.221104986139e+03 1.539640366489e-07 -3.052946247334e-11 1.197416973440e+05 2.171860159304e+02 2.835626746421e+05
610.000000 9.120132446289e+02 7.806835937500e+02 7.429538574219e+02 7.306851806641e+02 5.397090114022e+03 1.521672804672e-07 -2.998556378458e-11 1.189930167040e+05 2.155976892363e+02 2.716540199686e+05
612.000000 9.128282470703e+02 7.808178100586e+02 7.429538574219e+02 7.306851806641e+02 5.577327498364e+03 1.504225756558e-07 -2.946103780526e-11 1.182580089600e+05 2.140481625723e+02 2.602523743867e+05
614.000000 9.136094970703e+02 7.809520263672e+02 7.429539184570e+02 7.306851806641e+02 5.761829626433e+03 1.487287143609e-07 -2.895522286590e-11 1.175366114880e+05 2.125367113744e+02 2.493353196066e+05
616.000000 9.143573608398e+02 7.810862426758e+02 7.429539184570e+02 7.306851806641e+02 5.950550751300e+03 1.470819985219e-07 -2.846676329240e-11 1.168276977600e+05 2.110609171154e+02 2.388820350007e+05
618.000000 9.150734863281e+02 7.812203369141e+02 7.429539184570e+02 7.306851806641e+02 6.143530877950e+03 1.454848949682e-07 -2.799607796764e-11 1.161327293600e+05 2.096224771466e+02 2.288730014790e+05
620.000000 9.157591552734e+02 7.813545532227e+02 7.429539184570e+02 7.306851806641e+02 6.340680883910e+03 1.439316950234e-07 -2.754125172819e-11 1.154498040160e+05 2.082173766677e+02 2.192889058231e+05
622.000000 9.164149169922e+02 7.814887695312e+02 7.429539184570e+02 7.306851806641e+02 6.541986900161e+03 1.424220885467e-07 -2.710196265405e-11 1.147791202240e+05 2.068455122424e+02 2.101112361461e+05
624.000000 9.170430908203e+02 7.816229858398e+02 7.429539184570e+02 7.306851806641e+02 6.747398626617e+03 1.409542180490e-07 -2.667742236926e-11 1.141203861760e+05 2.055053911570e+02 2.013227646034e+05
626.000000 9.176449584961e+02 7.817572021484e+02 7.429539184570e+02 7.306851806641e+02 6.956899405629e+03 1.395286133302e-07 -2.626755442943e-11 1.134741857760e+05 2.041973913899e+02 1.929067505738e+05
628.000000 9.182221679688e+02 7.818912963867e+02 7.429539184570e+02 7.306851806641e+02 7.170388792329e+03 1.381413043938e-07 -2.587102077738e-11 1.128392590240e+05 2.029185990677e+02 1.848470346054e+05
630.000000 9.187747192383e+02 7.820255126953e+02 7.429539184570e+02 7.306851806641e+02 7.387809579194e+03 1.367924240075e-07 -2.548768511195e-11 1.122158826720e+05 2.016692920063e+02 1.771286938886e+05
632.000000 9.193056030273e+02 7.821597290039e+02 7.429539184570e+02 7.306851806641e+02 7.609104492984e+03 1.354808901897e-07 -2.511702043421e-11 1.116040784000e+05 2.004484047863e+02 1.697367769789e+05
634.000000 9.198156127930e+02 7.822939453125e+02 7.429539184570e+02 7.306851806641e+02 7.834168837213e+03 1.342045124523e-07 -2.475825134842e-11 1.110031959520e+05 1.992544018430e+02 1.626572562532e+05
636.000000 9.203063354492e+02 7.824280395508e+02 7.429539184570e+02 7.306851806641e+02 8.062908371658e+03 1.329622833288e-07 -2.441092528709e-11 1.104131334720e+05 1.980864723351e+02 1.558769187420e+05
638.000000 9.207786865234e+02 7.825622558594e+02 7.429539184570e+02 7.306851806641e+02 8.295192831403e+03 1.317517562879e-07 -2.407422144538e-11 1.098331085760e+05 1.969428465370e+02 1.493828659281e+05
640.000000 9.212347412109e+02 7.826964721680e+02 7.429539184570e+02 7.306852416992e+02 8.530949821909e+03 1.305740861024e-07 -2.374829142147e-11 1.092639512480e+05 1.958242107023e+02 1.431631696586e+05
642.000000 9.216741943359e+02 7.828306884766e+02 7.429539184570e+02 7.306852416992e+02 8.770037434011e+03 1.294267121721e-07 -2.343232399661e-11 1.087047041120e+05 1.947288812109e+02 1.372056845209e+05
644.000000 9.220996704102e+02 7.829649047852e+02 7.429539184570e+02 7.306852416992e+02 9.012351847647e+03 1.283095418079e-07 -2.312613567580e-11 1.081556947360e+05 1.936565402945e+02 1.314992825075e+05
646.000000 9.225112915039e+02 7.830990600586e+02 7.429539184570e+02 7.306852416992e+02 9.257731284784e+03 1.272208854815e-07 -2.282916367202e-11 1.076163482080e+05 1.926060608713e+02 1.260333602609e+05
648.000000 9.229114990234e+02 7.832332153320e+02 7.429539184570e+02 7.306852416992e+02 9.506035430581e+03 1.261594847352e-07 -2.254092972887e-11 1.070864541440e+05 1.915762798518e+02 1.207975655735e+05
